35	0
48	1
50	2
54	3
56	4
58	5
60	6
62	7
64	8
66	9
68	10
70	11
72	12
74	13
75	14
86	15
87	16
88	17
89	18
229	19
272	20
278	21
284	22
285	23
295	24
301	25
303	26
305	27
307	28
309	29
311	30
314	31
411	32
413	33
421	34
426	35
428	36
430	37
466	38
468	39
470	40
472	41
474	42
476	43
478	44
492	45
494	46
496	47
498	48
500	49
502	50
504	51
506	52
538	53
540	54
542	55
544	56
546	57
548	58
552	59
577	60
579	61
581	62
583	63
585	64
589	65
590	66
616	67
626	68
628	69
630	70
632	71
634	72
636	73
638	74
640	75
642	76
644	77
646	78
648	79
650	80
652	81
654	82
656	83
658	84
660	85
662	86
664	87
667	88
675	89
677	90
717	91
718	92
719	93
727	94
728	95
731	96
732	97
740	98
746	99
747	100
751	101
767	102
772	103
774	104
775	105
776	106
777	107
778	108
796	109
797	110
798	111
800	112
801	113
802	114
803	115
804	116
805	117
806	118
807	119
808	120
809	121
810	122
811	123
812	124
813	125
814	126
815	127
816	128
817	129
818	130
825	131
826	132
827	133
828	134
829	135
830	136
831	137
832	138
833	139
834	140
835	141
836	142
837	143
839	144
841	145
843	146
845	147
847	148
849	149
851	150
853	151
855	152
857	153
859	154
861	155
863	156
864	157
865	158
866	159
867	160
868	161
869	162
870	163
871	164
872	165
873	166
874	167
875	168
876	169
945	170
946	171
952	172
954	173
970	174
972	175
973	176
975	177
1005	178
1007	179
1009	180
1011	181
1013	182
1015	183
1017	184
1019	185
1021	186
1023	187
1025	188
1027	189
1029	190
1031	191
1033	192
1035	193
1037	194
1038	195
1040	196
1042	197
1044	198
1046	199
1048	200
1050	201
1052	202
1053	203
1055	204
1057	205
1059	206
1061	207
1063	208
1065	209
1067	210
1069	211
1071	212
1073	213
1075	214
1077	215
1079	216
1081	217
1083	218
1085	219
1087	220
1089	221
1091	222
1093	223
1095	224
1097	225
1099	226
1101	227
1103	228
1105	229
1107	230
1109	231
1111	232
1113	233
1115	234
1117	235
1119	236
1121	237
1123	238
1125	239
1127	240
1129	241
1131	242
1133	243
1135	244
1137	245
1139	246
1141	247
1143	248
1145	249
1147	250
1149	251
1151	252
1153	253
1155	254
1157	255
1159	256
1161	257
1163	258
1165	259
1167	260
1169	261
1171	262
1173	263
1175	264
1177	265
1179	266
1181	267
1183	268
1185	269
1187	270
1189	271
1191	272
1193	273
1195	274
1197	275
1199	276
1201	277
1203	278
1205	279
1207	280
1209	281
1211	282
1213	283
1215	284
1217	285
1219	286
1221	287
1223	288
1225	289
1227	290
1229	291
1231	292
1233	293
1235	294
1237	295
1239	296
1241	297
1243	298
1245	299
1247	300
1249	301
1251	302
1253	303
1255	304
1257	305
1259	306
1261	307
1263	308
1265	309
1267	310
1269	311
1271	312
1273	313
1275	314
1277	315
1279	316
1281	317
1283	318
1285	319
1287	320
1289	321
1291	322
1293	323
1295	324
1297	325
1299	326
1301	327
1303	328
1305	329
1307	330
1309	331
1311	332
1313	333
1315	334
1317	335
1319	336
1321	337
1323	338
1325	339
1327	340
1329	341
1331	342
1333	343
1335	344
1337	345
1339	346
1341	347
1343	348
1345	349
1347	350
1349	351
1351	352
1353	353
1355	354
1357	355
1359	356
1361	357
1363	358
1365	359
1367	360
1369	361
1371	362
1373	363
1375	364
1377	365
1379	366
1381	367
1383	368
1385	369
1387	370
1389	371
1391	372
1393	373
1395	374
1397	375
1399	376
1401	377
1403	378
1405	379
1407	380
1409	381
1419	382
1420	383
1422	384
1424	385
1426	386
1428	387
1430	388
1432	389
1434	390
1478	391
1495	392
1506	393
1511	394
1513	395
1540	396
1549	397
1554	398
1575	399
1580	400
1601	401
1603	402
1605	403
1607	404
1609	405
1611	406
1613	407
1615	408
1654	409
1656	410
1658	411
1660	412
1662	413
1664	414
1692	415
1694	416
1696	417
1698	418
1700	419
1702	420
1704	421
1706	422
1708	423
1710	424
1712	425
1716	426
1718	427
1722	428
1724	429
1725	430
1727	431
1729	432
1731	433
1733	434
1735	435
1741	436
1757	437
1785	438
1796	439
1797	440
1833	441
1835	442
1837	443
1844	444
1845	445
1846	446
1917	447
1919	448
1925	449
1927	450
1929	451
1931	452
1949	453
1963	454
1973	455
2347	456
2395	457
2402	458
2405	459
2406	460
2412	461
2413	462
2414	463
2415	464
2416	465
2417	466
2460	467
2462	468
2464	469
2466	470
2468	471
2470	472
2472	473
2474	474
2476	475
2487	476
2489	477
2491	478
2493	479
2495	480
2497	481
2499	482
2501	483
2503	484
2520	485
2522	486
2524	487
2526	488
2577	489
2579	490
2581	491
2583	492
2585	493
2587	494
2589	495
2591	496
2593	497
2595	498
2597	499
2599	500
2601	501
2603	502
2605	503
2607	504
2609	505
2611	506
2613	507
2615	508
2617	509
2619	510
2621	511
2623	512
2625	513
2627	514
2629	515
2631	516
2633	517
2635	518
2637	519
2639	520
2641	521
2643	522
2645	523
2647	524
2649	525
2651	526
2653	527
2655	528
2657	529
2659	530
2661	531
2663	532
2665	533
2667	534
2669	535
2671	536
2673	537
2675	538
2883	539
2888	540
2889	541
2890	542
2894	543
2896	544
2898	545
2900	546
2902	547
2904	548
2906	549
2908	550
2910	551
2912	552
2914	553
2916	554
2918	555
2920	556
2922	557
2924	558
2926	559
2928	560
2930	561
2932	562
2934	563
2936	564
2938	565
2940	566
2942	567
2946	568
2949	569
2952	570
2961	571
2963	572
2968	573
2969	574
2978	575
2979	576
2980	577
2981	578
2982	579
2983	580
2984	581
2985	582
2986	583
2987	584
2988	585
2989	586
2990	587
2991	588
2992	589
2993	590
2994	591
2995	592
2997	593
3053	594
3054	595
3057	596
3058	597
3059	598
3060	599
3061	600
3093	601
3094	602
3095	603
3096	604
3097	605
3098	606
3099	607
3100	608
3101	609
3105	610
3107	611
3122	612
3140	613
3157	614
3159	615
3164	616
3170	617
3171	618
3172	619
3173	620
3174	621
3175	622
3176	623
3177	624
3190	625
3192	626
3194	627
3196	628
3198	629
3200	630
3202	631
3204	632
3208	633
3327	634
3329	635
3331	636
3333	637
3335	638
3337	639
3339	640
3341	641
3343	642
3385	643
3387	644
3389	645
3391	646
3393	647
3472	648
3473	649
3474	650
3475	651
3476	652
3477	653
3478	654
3479	655
3480	656
3481	657
3483	658
3485	659
3486	660
3488	661
3688	662
3689	663
3690	664
3691	665
3695	666
3711	667
3748	668
3749	669
3751	670
3753	671
3755	672
3757	673
3758	674
3759	675
3761	676
3763	677
3765	678
3767	679
3769	680
3771	681
3773	682
3775	683
3777	684
3779	685
3781	686
3783	687
3785	688
3787	689
3789	690
3791	691
3793	692
3795	693
3797	694
3799	695
3801	696
3803	697
3839	698
3840	699
3841	700
3842	701
3843	702
3844	703
3850	704
3853	705
3855	706
3857	707
3859	708
3861	709
3863	710
3865	711
3867	712
3893	713
3899	714
4021	715
4035	716
4037	717
4039	718
4041	719
4042	720
4068	721
4069	722
4070	723
4071	724
4072	725
4073	726
4080	727
4081	728
4083	729
4084	730
4085	731
4086	732
4087	733
4089	734
4091	735
4093	736
4095	737
4097	738
4099	739
4101	740
4103	741
4105	742
4107	743
4109	744
4111	745
4113	746
4115	747
4117	748
4119	749
4121	750
4123	751
4125	752
4127	753
4129	754
4131	755
4151	756
4153	757
4155	758
4156	759
4158	760
4159	761
4161	762
4162	763
4164	764
4166	765
4168	766
4170	767
4181	768
4193	769
4212	770
4214	771
4215	772
4216	773
4217	774
4218	775
4219	776
4220	777
4221	778
4222	779
4223	780
4224	781
4225	782
4226	783
4227	784
4228	785
4229	786
4230	787
4231	788
4232	789
4233	790
4234	791
4236	792
4250	793
4251	794
4298	795
4300	796
4302	797
4304	798
4306	799
4308	800
4310	801
4315	802
4317	803
4319	804
4321	805
4323	806
4325	807
4327	808
4329	809
4331	810
4333	811
4335	812
4337	813
4339	814
4341	815
4343	816
4345	817
4347	818
4349	819
4351	820
4353	821
4355	822
4357	823
4359	824
4361	825
4363	826
4365	827
4367	828
4369	829
4371	830
4373	831
4375	832
4377	833
4379	834
4381	835
4383	836
4385	837
4387	838
4389	839
4391	840
4393	841
4395	842
4397	843
4399	844
4401	845
4403	846
4405	847
4407	848
4409	849
4411	850
4413	851
4435	852
4498	853
4500	854
4501	855
4502	856
4503	857
4504	858
4505	859
4506	860
4507	861
4508	862
4509	863
4510	864
4511	865
4512	866
4513	867
4514	868
4515	869
4516	870
4551	871
4565	872
4566	873
4567	874
4580	875
4582	876
4584	877
4585	878
4587	879
4599	880
4600	881
4605	882
4611	883
4613	884
4614	885
4675	886
4677	887
4692	888
4704	889
4705	890
4708	891
4710	892
4712	893
4714	894
4716	895
4718	896
4720	897
4722	898
4724	899
4726	900
4728	901
4730	902
4732	903
4734	904
4736	905
4738	906
4745	907
4747	908
4749	909
4751	910
4753	911
4755	912
4757	913
4759	914
4809	915
4814	916
4815	917
4816	918
4817	919
4827	920
4829	921
4837	922
4856	923
4857	924
4858	925
4859	926
4860	927
4862	928
4863	929
4864	930
4865	931
4866	932
4868	933
4869	934
4870	935
4871	936
4872	937
4874	938
4875	939
4876	940
4877	941
4878	942
4880	943
4881	944
4882	945
4883	946
4884	947
4886	948
4887	949
4888	950
4889	951
4890	952
4892	953
4893	954
4894	955
4895	956
4896	957
4898	958
4899	959
4900	960
4901	961
4902	962
4904	963
4905	964
4906	965
4907	966
4908	967
4910	968
4911	969
4912	970
4913	971
4914	972
4916	973
4917	974
4918	975
4919	976
4920	977
4922	978
4923	979
4924	980
4925	981
4926	982
4928	983
4929	984
4930	985
4931	986
4932	987
4934	988
4935	989
4936	990
4937	991
4938	992
4940	993
4941	994
4942	995
4943	996
4944	997
4946	998
4947	999
4948	1000
4949	1001
4950	1002
4952	1003
4953	1004
4954	1005
4955	1006
4956	1007
4958	1008
4959	1009
4960	1010
4961	1011
4962	1012
4964	1013
4965	1014
4966	1015
4967	1016
4968	1017
4970	1018
4971	1019
4972	1020
4973	1021
4974	1022
4976	1023
4977	1024
4978	1025
4979	1026
4980	1027
4982	1028
4983	1029
4984	1030
4985	1031
4986	1032
4988	1033
4989	1034
4990	1035
4991	1036
4992	1037
4994	1038
4995	1039
4996	1040
4997	1041
4998	1042
5013	1043
5014	1044
5016	1045
5018	1046
5024	1047
5026	1048
5028	1049
5030	1050
5032	1051
5034	1052
5036	1053
5038	1054
5040	1055
5042	1056
5044	1057
5046	1058
5048	1059
5050	1060
5052	1061
5060	1062
5061	1063
5325	1064
5329	1065
5331	1066
5333	1067
5334	1068
5335	1069
5336	1070
5337	1071
5338	1072
5339	1073
5340	1074
5341	1075
5343	1076
5345	1077
5350	1078
5521	1079
5525	1080
5527	1081
5529	1082
5531	1083
5533	1084
5535	1085
5537	1086
5539	1087
5541	1088
5543	1089
5545	1090
5547	1091
5549	1092
5551	1093
5553	1094
5554	1095
5555	1096
5556	1097
5557	1098
5560	1099
5561	1100
5574	1101
5575	1102
5576	1103
5603	1104
5607	1105
5608	1106
5609	1107
5614	1108
5628	1109
5629	1110
5630	1111
5631	1112
5632	1113
5633	1114
5634	1115
5635	1116
5636	1117
5637	1118
5638	1119
5639	1120
5640	1121
5641	1122
5642	1123
5643	1124
5644	1125
5645	1126
5646	1127
5647	1128
5648	1129
5649	1130
5650	1131
5651	1132
5652	1133
5653	1134
5654	1135
5655	1136
5656	1137
5657	1138
5658	1139
5659	1140
5660	1141
5661	1142
5662	1143
5663	1144
5664	1145
5665	1146
5666	1147
5667	1148
5668	1149
5670	1150
5672	1151
5674	1152
5676	1153
5678	1154
5680	1155
5682	1156
5684	1157
5686	1158
5688	1159
5690	1160
5692	1161
5694	1162
5696	1163
5698	1164
5700	1165
5702	1166
5704	1167
5706	1168
5708	1169
5710	1170
5712	1171
5714	1172
5716	1173
5718	1174
5720	1175
5722	1176
5724	1177
5726	1178
5728	1179
5730	1180
5732	1181
5734	1182
5736	1183
5769	1184
5771	1185
5982	1186
6036	1187
6040	1188
6041	1189
6065	1190
6067	1191
6068	1192
6069	1193
6070	1194
6082	1195
6106	1196
6107	1197
6108	1198
6109	1199
6110	1200
6111	1201
6122	1202
6123	1203
6125	1204
6126	1205
6127	1206
6128	1207
6129	1208
6130	1209
6131	1210
6133	1211
6135	1212
6137	1213
6139	1214
6141	1215
6143	1216
6145	1217
6147	1218
6149	1219
6151	1220
6153	1221
6180	1222
6181	1223
6182	1224
6184	1225
6185	1226
6186	1227
6187	1228
6188	1229
6208	1230
6209	1231
6215	1232
6217	1233
6219	1234
6221	1235
6223	1236
6225	1237
6227	1238
6229	1239
6231	1240
6233	1241
6235	1242
6237	1243
6239	1244
6241	1245
6243	1246
6245	1247
6247	1248
6249	1249
6251	1250
6253	1251
6255	1252
6257	1253
6259	1254
6261	1255
6263	1256
6265	1257
6267	1258
6269	1259
6271	1260
6273	1261
6275	1262
6277	1263
6279	1264
6281	1265
6283	1266
6285	1267
6313	1268
6315	1269
6317	1270
6322	1271
6324	1272
6326	1273
6328	1274
6330	1275
6335	1276
6337	1277
6339	1278
6341	1279
6343	1280
6345	1281
6347	1282
6349	1283
6351	1284
6353	1285
6355	1286
6357	1287
6359	1288
6361	1289
6363	1290
6365	1291
6367	1292
6369	1293
6371	1294
6373	1295
6375	1296
6377	1297
6379	1298
6382	1299
6384	1300
6386	1301
6388	1302
6390	1303
6392	1304
6394	1305
6396	1306
6398	1307
6400	1308
6402	1309
6404	1310
6406	1311
6408	1312
6410	1313
6412	1314
6414	1315
6416	1316
6418	1317
6420	1318
6448	1319
6449	1320
6451	1321
6468	1322
6470	1323
6472	1324
6474	1325
6476	1326
6522	1327
6523	1328
6524	1329
6525	1330
6526	1331
6527	1332
6528	1333
6541	1334
6544	1335
6547	1336
6548	1337
6562	1338
6563	1339
6568	1340
6570	1341
6573	1342
6577	1343
6581	1344
6585	1345
6587	1346
6589	1347
6591	1348
6593	1349
6595	1350
6597	1351
6599	1352
6601	1353
6603	1354
6605	1355
6607	1356
6609	1357
6611	1358
6613	1359
6615	1360
6617	1361
6619	1362
6621	1363
6623	1364
6625	1365
6627	1366
6629	1367
6631	1368
6633	1369
6635	1370
6654	1371
6655	1372
6656	1373
6657	1374
6658	1375
6659	1376
6664	1377
6665	1378
6666	1379
6670	1380
6671	1381
6672	1382
6673	1383
6707	1384
6713	1385
6714	1386
6720	1387
6721	1388
6722	1389
6724	1390
6739	1391
6741	1392
6745	1393
6746	1394
6748	1395
6750	1396
6752	1397
6754	1398
6760	1399
6762	1400
6764	1401
6772	1402
6773	1403
6774	1404
6775	1405
6776	1406
6777	1407
6778	1408
6779	1409
6786	1410
6787	1411
6788	1412
6789	1413
6790	1414
6809	1415
6817	1416
6818	1417
6856	1418
6857	1419
6858	1420
6859	1421
6860	1422
6861	1423
6862	1424
6863	1425
6864	1426
6885	1427
6886	1428
6887	1429
6889	1430
6908	1431
6910	1432
6912	1433
6914	1434
6916	1435
6918	1436
6920	1437
6922	1438
6924	1439
6956	1440
6959	1441
6983	1442
7003	1443
7004	1444
7051	1445
7053	1446
7110	1447
7112	1448
7114	1449
7116	1450
7118	1451
7119	1452
7120	1453
7121	1454
7122	1455
7124	1456
7126	1457
7128	1458
7130	1459
7132	1460
7134	1461
7136	1462
7138	1463
7140	1464
7141	1465
7142	1466
7158	1467
7159	1468
7170	1469
7319	1470
7321	1471
7323	1472
7325	1473
7327	1474
7332	1475
7334	1476
7336	1477
7338	1478
7340	1479
7342	1480
7344	1481
7346	1482
7348	1483
7350	1484
7352	1485
7354	1486
7356	1487
7358	1488
7360	1489
7362	1490
7364	1491
7366	1492
7368	1493
7370	1494
7372	1495
7374	1496
7376	1497
7378	1498
7380	1499
7382	1500
7384	1501
7386	1502
7388	1503
7390	1504
7392	1505
7394	1506
7396	1507
7398	1508
7399	1509
7400	1510
7404	1511
7405	1512
7406	1513
7409	1514
7410	1515
7412	1516
7414	1517
7421	1518
7422	1519
7423	1520
7424	1521
7425	1522
7426	1523
7427	1524
7428	1525
7429	1526
7430	1527
7431	1528
7433	1529
7435	1530
7437	1531
7439	1532
7441	1533
7443	1534
7445	1535
7447	1536
7449	1537
7451	1538
7453	1539
7454	1540
7455	1541
7456	1542
7457	1543
7458	1544
7459	1545
7460	1546
7461	1547
7462	1548
7475	1549
7509	1550
7534	1551
7535	1552
7537	1553
7539	1554
7572	1555
7592	1556
7593	1557
7594	1558
7595	1559
7596	1560
7637	1561
7639	1562
7640	1563
7641	1564
7642	1565
7643	1566
7644	1567
7645	1568
7646	1569
7647	1570
7648	1571
7668	1572
7671	1573
7673	1574
7675	1575
7676	1576
7679	1577
7682	1578
7684	1579
7686	1580
7688	1581
7690	1582
7691	1583
7728	1584
7730	1585
7731	1586
7732	1587
7733	1588
7734	1589
7735	1590
7736	1591
7737	1592
7740	1593
7742	1594
7744	1595
7746	1596
7748	1597
7750	1598
7752	1599
7754	1600
7756	1601
7758	1602
7773	1603
7777	1604
7778	1605
7803	1606
7804	1607
7806	1608
7807	1609
7808	1610
7809	1611
7917	1612
7918	1613
7952	1614
8464	1615
8466	1616
8468	1617
8470	1618
8472	1619
8474	1620
8476	1621
8478	1622
8480	1623
8482	1624
8484	1625
8486	1626
8488	1627
8490	1628
8492	1629
8494	1630
8650	1631
8652	1632
8654	1633
8656	1634
8658	1635
8660	1636
8662	1637
8664	1638
8666	1639
8668	1640
8670	1641
8672	1642
8674	1643
8676	1644
8678	1645
8680	1646
8682	1647
8684	1648
8686	1649
8688	1650
8690	1651
8692	1652
8694	1653
8696	1654
8698	1655
8700	1656
8702	1657
8704	1658
8706	1659
8708	1660
8710	1661
8712	1662
8714	1663
8716	1664
8718	1665
8720	1666
8722	1667
8724	1668
8726	1669
8728	1670
8730	1671
8732	1672
8734	1673
8736	1674
8738	1675
8740	1676
8742	1677
8744	1678
8746	1679
8748	1680
8750	1681
8752	1682
8754	1683
8756	1684
8758	1685
8760	1686
8762	1687
8764	1688
8766	1689
8768	1690
8770	1691
8772	1692
8774	1693
8776	1694
8794	1695
8798	1696
8799	1697
8800	1698
8801	1699
8802	1700
8803	1701
8804	1702
8805	1703
8806	1704
8807	1705
8808	1706
8809	1707
8810	1708
8811	1709
8812	1710
8813	1711
8814	1712
8815	1713
8816	1714
8817	1715
8818	1716
8819	1717
8820	1718
8821	1719
8822	1720
8823	1721
8824	1722
8825	1723
8826	1724
8827	1725
8829	1726
8830	1727
8831	1728
8832	1729
8833	1730
8834	1731
8835	1732
8839	1733
8840	1734
8841	1735
8842	1736
8844	1737
8845	1738
8846	1739
8847	1740
8848	1741
8849	1742
8850	1743
8856	1744
8857	1745
8858	1746
8859	1747
8860	1748
8861	1749
8862	1750
8863	1751
8864	1752
8871	1753
8872	1754
8874	1755
8876	1756
8878	1757
8880	1758
8901	1759
8903	1760
8905	1761
8907	1762
8909	1763
8911	1764
8913	1765
8915	1766
8917	1767
8919	1768
8921	1769
8923	1770
8924	1771
8925	1772
8926	1773
8927	1774
8928	1775
8929	1776
8940	1777
8941	1778
8949	1779
8950	1780
8952	1781
8953	1782
8954	1783
8955	1784
8956	1785
8957	1786
8958	1787
8959	1788
8960	1789
8961	1790
8962	1791
8963	1792
8964	1793
8965	1794
8966	1795
8967	1796
8968	1797
8969	1798
8970	1799
8971	1800
8986	1801
8987	1802
8991	1803
8992	1804
8993	1805
8994	1806
8995	1807
8996	1808
8997	1809
9005	1810
9006	1811
9013	1812
9020	1813
9044	1814
9046	1815
9048	1816
9050	1817
9060	1818
9061	1819
9062	1820
9063	1821
9065	1822
9068	1823
9069	1824
9070	1825
9071	1826
9072	1827
9073	1828
9074	1829
9083	1830
9084	1831
9085	1832
9086	1833
9087	1834
9088	1835
9089	1836
9090	1837
9091	1838
9092	1839
9093	1840
9096	1841
9097	1842
9098	1843
9099	1844
9100	1845
9101	1846
9102	1847
9103	1848
9106	1849
9138	1850
9174	1851
9176	1852
9177	1853
9179	1854
9181	1855
9183	1856
9185	1857
9420	1858
9422	1859
9423	1860
9425	1861
9427	1862
9429	1863
9431	1864
9440	1865
9442	1866
9444	1867
9446	1868
9448	1869
9450	1870
9452	1871
9454	1872
9456	1873
9457	1874
9459	1875
9461	1876
9463	1877
9465	1878
9470	1879
9472	1880
9590	1881
9625	1882
9629	1883
9631	1884
9634	1885
9636	1886
9638	1887
9640	1888
9642	1889
9644	1890
9646	1891
9647	1892
9648	1893
9660	1894
9665	1895
9672	1896
9674	1897
9676	1898
9678	1899
9681	1900
9702	1901
9703	1902
9704	1903
9705	1904
9729	1905
9731	1906
9733	1907
9747	1908
9748	1909
9749	1910
9750	1911
9751	1912
9752	1913
9753	1914
9754	1915
9755	1916
9756	1917
9757	1918
9758	1919
9759	1920
9760	1921
9761	1922
9762	1923
9763	1924
9764	1925
9765	1926
9766	1927
9767	1928
9768	1929
9769	1930
9770	1931
9771	1932
9772	1933
9773	1934
9774	1935
9775	1936
9776	1937
9777	1938
9778	1939
9779	1940
9780	1941
9781	1942
9782	1943
9783	1944
9784	1945
9785	1946
9786	1947
9787	1948
9788	1949
9789	1950
9790	1951
9791	1952
9792	1953
9793	1954
9794	1955
9795	1956
9796	1957
9797	1958
9798	1959
9799	1960
9800	1961
9801	1962
9802	1963
9803	1964
9804	1965
9805	1966
9806	1967
9807	1968
9808	1969
9809	1970
9810	1971
9811	1972
9812	1973
9813	1974
9814	1975
9815	1976
9816	1977
9893	1978
9894	1979
9895	1980
9896	1981
9897	1982
9898	1983
9899	1984
9905	1985
9906	1986
9907	1987
9908	1988
9909	1989
9910	1990
9911	1991
9912	1992
9913	1993
9914	1994
9915	1995
9916	1996
9917	1997
9918	1998
9920	1999
9921	2000
9922	2001
9923	2002
9924	2003
9925	2004
9926	2005
9927	2006
9928	2007
9929	2008
9930	2009
9931	2010
9943	2011
9944	2012
9945	2013
9946	2014
9948	2015
9949	2016
9950	2017
10010	2018
10022	2019
10023	2020
10024	2021
10029	2022
10033	2023
10034	2024
10035	2025
10037	2026
10039	2027
10041	2028
10043	2029
10045	2030
10047	2031
10049	2032
10051	2033
10053	2034
10055	2035
10057	2036
10059	2037
10061	2038
10063	2039
10065	2040
10067	2041
10069	2042
10071	2043
10073	2044
10074	2045
10075	2046
10077	2047
10079	2048
10081	2049
10083	2050
10085	2051
10129	2052
10131	2053
10132	2054
10146	2055
10147	2056
10148	2057
10149	2058
10150	2059
10152	2060
10153	2061
10154	2062
10155	2063
10156	2064
10164	2065
10171	2066
10172	2067
10280	2068
10282	2069
10284	2070
10286	2071
10288	2072
10290	2073
10292	2074
10294	2075
10296	2076
10298	2077
10300	2078
10302	2079
10304	2080
10306	2081
10308	2082
10310	2083
10312	2084
10314	2085
10316	2086
10318	2087
10320	2088
10322	2089
10324	2090
10330	2091
10332	2092
10334	2093
10336	2094
10338	2095
10340	2096
10342	2097
10344	2098
10346	2099
10348	2100
10350	2101
10352	2102
10354	2103
10356	2104
10358	2105
10360	2106
10362	2107
10364	2108
10366	2109
10368	2110
10370	2111
10372	2112
10374	2113
10376	2114
10378	2115
10380	2116
10382	2117
10384	2118
10386	2119
10388	2120
10390	2121
10392	2122
10394	2123
10396	2124
10398	2125
10400	2126
10402	2127
10404	2128
10406	2129
10408	2130
10410	2131
10412	2132
10414	2133
10416	2134
10418	2135
10420	2136
10422	2137
10424	2138
10426	2139
10428	2140
10430	2141
10432	2142
10434	2143
10436	2144
10438	2145
10440	2146
10442	2147
10444	2148
10446	2149
10448	2150
10450	2151
10452	2152
10454	2153
10456	2154
10458	2155
10460	2156
10462	2157
10464	2158
10466	2159
10468	2160
10470	2161
10472	2162
10474	2163
10484	2164
10485	2165
10487	2166
10488	2167
10491	2168
10498	2169
10499	2170
10500	2171
10501	2172
10507	2173
10509	2174
10544	2175
10547	2176
10548	2177
10549	2178
10550	2179
10551	2180
10552	2181
10553	2182
10554	2183
10555	2184
10556	2185
10557	2186
10558	2187
10559	2188
10564	2189
10566	2190
10567	2191
10569	2192
10571	2193
10573	2194
10575	2195
10577	2196
10579	2197
10581	2198
10582	2199
10583	2200
10584	2201
10588	2202
10589	2203
10601	2204
10602	2205
10603	2206
10604	2207
10605	2208
10606	2209
10607	2210
10608	2211
10609	2212
10610	2213
10611	2214
10612	2215
10613	2216
10614	2217
10615	2218
10616	2219
10617	2220
10618	2221
10619	2222
10620	2223
10621	2224
10622	2225
10623	2226
10624	2227
10625	2228
10626	2229
10627	2230
10628	2231
10629	2232
10630	2233
10631	2234
10632	2235
10633	2236
10634	2237
10635	2238
10636	2239
10637	2240
10638	2241
10639	2242
10640	2243
10641	2244
10642	2245
10643	2246
10644	2247
10645	2248
10646	2249
10647	2250
10648	2251
10649	2252
10650	2253
10651	2254
10652	2255
10653	2256
10654	2257
10655	2258
10656	2259
10657	2260
10658	2261
10659	2262
10660	2263
10661	2264
10662	2265
10663	2266
10664	2267
10665	2268
10666	2269
10667	2270
10668	2271
10669	2272
10670	2273
10671	2274
10672	2275
10673	2276
10674	2277
10675	2278
10676	2279
10677	2280
10678	2281
10679	2282
10680	2283
10681	2284
10682	2285
10683	2286
10684	2287
10685	2288
10686	2289
10687	2290
10688	2291
10689	2292
10690	2293
10691	2294
10692	2295
10693	2296
10694	2297
10695	2298
10696	2299
10697	2300
10698	2301
10699	2302
10700	2303
10701	2304
10702	2305
10703	2306
10704	2307
10705	2308
10706	2309
10707	2310
10708	2311
10709	2312
10710	2313
10711	2314
10712	2315
10713	2316
10714	2317
10715	2318
10716	2319
10717	2320
10718	2321
10719	2322
10720	2323
10721	2324
10723	2325
10724	2326
10725	2327
10726	2328
10727	2329
10728	2330
10731	2331
10732	2332
10734	2333
10735	2334
10736	2335
10738	2336
10740	2337
10742	2338
10744	2339
10746	2340
10748	2341
10750	2342
10752	2343
10754	2344
10756	2345
10758	2346
10760	2347
10762	2348
10764	2349
10766	2350
10768	2351
10770	2352
10772	2353
10774	2354
10776	2355
10778	2356
10780	2357
10782	2358
10784	2359
10786	2360
10788	2361
10790	2362
10792	2363
10794	2364
10796	2365
10798	2366
10800	2367
10802	2368
10804	2369
10806	2370
10810	2371
10822	2372
10824	2373
10826	2374
10828	2375
10836	2376
10837	2377
10838	2378
10839	2379
10840	2380
10841	2381
10842	2382
10857	2383
10858	2384
10860	2385
10861	2386
10862	2387
10863	2388
10864	2389
10865	2390
10877	2391
10878	2392
10879	2393
10880	2394
10881	2395
10882	2396
10883	2397
10886	2398
10887	2399
10933	2400
10939	2401
10940	2402
10941	2403
10945	2404
10952	2405
10954	2406
10956	2407
10958	2408
11012	2409
11013	2410
11016	2411
11017	2412
11018	2413
11019	2414
11020	2415
11021	2416
11022	2417
11027	2418
11028	2419
11029	2420
11030	2421
11037	2422
11046	2423
11061	2424
11063	2425
11068	2426
11069	2427
11071	2428
11072	2429
11074	2430
11076	2431
11078	2432
11079	2433
11081	2434
11083	2435
11085	2436
11087	2437
11088	2438
11090	2439
11092	2440
11094	2441
11095	2442
11097	2443
11099	2444
11101	2445
11103	2446
11105	2447
11107	2448
11109	2449
11111	2450
11113	2451
11115	2452
11117	2453
11118	2454
11120	2455
11122	2456
11124	2457
11126	2458
11128	2459
11130	2460
11132	2461
11133	2462
11135	2463
11136	2464
11138	2465
11140	2466
11151	2467
11152	2468
11153	2469
11154	2470
11165	2471
11167	2472
11190	2473
11191	2474
11192	2475
11193	2476
11194	2477
11195	2478
11200	2479
11204	2480
11230	2481
11231	2482
11233	2483
11234	2484
11235	2485
11259	2486
11274	2487
11277	2488
11278	2489
11279	2490
11280	2491
11282	2492
11283	2493
11284	2494
11288	2495
11289	2496
11290	2497
11291	2498
11292	2499
11293	2500
11294	2501
11295	2502
11296	2503
11297	2504
11298	2505
11299	2506
11300	2507
11301	2508
11302	2509
11303	2510
11304	2511
11305	2512
11306	2513
11307	2514
11308	2515
11309	2516
11310	2517
11311	2518
11312	2519
11313	2520
11314	2521
11315	2522
11316	2523
11317	2524
11318	2525
11319	2526
11320	2527
11321	2528
11322	2529
11323	2530
11335	2531
11367	2532
11369	2533
11371	2534
11373	2535
11375	2536
11377	2537
11379	2538
11381	2539
11382	2540
11384	2541
11386	2542
11388	2543
11389	2544
11391	2545
11393	2546
11395	2547
11396	2548
11398	2549
11400	2550
11402	2551
11403	2552
11405	2553
11407	2554
11409	2555
11410	2556
11412	2557
11414	2558
11416	2559
11417	2560
11419	2561
11551	2562
11663	2563
11664	2564
11665	2565
11666	2566
11667	2567
11668	2568
11669	2569
11670	2570
11671	2571
11672	2572
11673	2573
11674	2574
11675	2575
11676	2576
11694	2577
11696	2578
11698	2579
11700	2580
11716	2581
11718	2582
11720	2583
11722	2584
11724	2585
11726	2586
11728	2587
11730	2588
11732	2589
11736	2590
11738	2591
11749	2592
11756	2593
11757	2594
11758	2595
11789	2596
11790	2597
11809	2598
11949	2599
11950	2600
11951	2601
11969	2602
12169	2603
12170	2604
12171	2605
12202	2606
12204	2607
12206	2608
12207	2609
12209	2610
12210	2611
12212	2612
12213	2613
12215	2614
12216	2615
12218	2616
12219	2617
12221	2618
12222	2619
12224	2620
12524	2621
12534	2622
12558	2623
12559	2624
12561	2625
12563	2626
12565	2627
12568	2628
12570	2629
12578	2630
12579	2631
12580	2632
12595	2633
12607	2634
12608	2635
12610	2636
12612	2637
12614	2638
12616	2639
12618	2640
12620	2641
12622	2642
12629	2643
12633	2644
12634	2645
12645	2646
12649	2647
12655	2648
12658	2649
12659	2650
12660	2651
12661	2652
12662	2653
12663	2654
12664	2655
12665	2656
12666	2657
12667	2658
12668	2659
12669	2660
12670	2661
12671	2662
12672	2663
12673	2664
12674	2665
12675	2666
12676	2667
12677	2668
12678	2669
12679	2670
12680	2671
12681	2672
12844	2673
12845	2674
12846	2675
12847	2676
12848	2677
12849	2678
12855	2679
12856	2680
12857	2681
12858	2682
12859	2683
12860	2684
12861	2685
12862	2686
12863	2687
12864	2688
12865	2689
12866	2690
12867	2691
12868	2692
12869	2693
12870	2694
12871	2695
12873	2696
12874	2697
12875	2698
12876	2699
12877	2700
12878	2701
12880	2702
12881	2703
12882	2704
12883	2705
12884	2706
12885	2707
12887	2708
12888	2709
12889	2710
12890	2711
12891	2712
12892	2713
12894	2714
12895	2715
12896	2716
12897	2717
12898	2718
12899	2719
12901	2720
12902	2721
12903	2722
12904	2723
12905	2724
12906	2725
12908	2726
12909	2727
12910	2728
12911	2729
12912	2730
12913	2731
12915	2732
12916	2733
12917	2734
12918	2735
12919	2736
12920	2737
12922	2738
12923	2739
12924	2740
12925	2741
12926	2742
12927	2743
12929	2744
12930	2745
12931	2746
12932	2747
12933	2748
12934	2749
12936	2750
12937	2751
12938	2752
12939	2753
12940	2754
12941	2755
12943	2756
12944	2757
12945	2758
12946	2759
12947	2760
12948	2761
12950	2762
12951	2763
12952	2764
12953	2765
12954	2766
12955	2767
12957	2768
12958	2769
12959	2770
12960	2771
12961	2772
12962	2773
12964	2774
12965	2775
12966	2776
12967	2777
12968	2778
12969	2779
12971	2780
12972	2781
12973	2782
12974	2783
12975	2784
12976	2785
12978	2786
12979	2787
12980	2788
12981	2789
12982	2790
12983	2791
12985	2792
12986	2793
12988	2794
12989	2795
12991	2796
12992	2797
12994	2798
12995	2799
12997	2800
12998	2801
13000	2802
13001	2803
13003	2804
13004	2805
13006	2806
13007	2807
13081	2808
13095	2809
13097	2810
13099	2811
13101	2812
13103	2813
13105	2814
13107	2815
13109	2816
13111	2817
13113	2818
13115	2819
13117	2820
13118	2821
13119	2822
13120	2823
13121	2824
13122	2825
13123	2826
13124	2827
13125	2828
13126	2829
13127	2830
13128	2831
13129	2832
13130	2833
13131	2834
13132	2835
13133	2836
13134	2837
13135	2838
13136	2839
13137	2840
13138	2841
13139	2842
13140	2843
13141	2844
13142	2845
13143	2846
13144	2847
13145	2848
13146	2849
13155	2850
13156	2851
13163	2852
13164	2853
13165	2854
13166	2855
13167	2856
13168	2857
13169	2858
13170	2859
13171	2860
13172	2861
13173	2862
13174	2863
13175	2864
13176	2865
13177	2866
13178	2867
13179	2868
13180	2869
13181	2870
13182	2871
13183	2872
13184	2873
13185	2874
13186	2875
13187	2876
13188	2877
13189	2878
13190	2879
13191	2880
13192	2881
13193	2882
13194	2883
13230	2884
13231	2885
13237	2886
13239	2887
13240	2888
13241	2889
13263	2890
13277	2891
13289	2892
13290	2893
13297	2894
13298	2895
13299	2896
13306	2897
13316	2898
13317	2899
13318	2900
13319	2901
13320	2902
13324	2903
13325	2904
13326	2905
13339	2906
13340	2907
13341	2908
13342	2909
13343	2910
13344	2911
13345	2912
13346	2913
13347	2914
13348	2915
13349	2916
13350	2917
13351	2918
13352	2919
13353	2920
13354	2921
13355	2922
13357	2923
13358	2924
13360	2925
13362	2926
13364	2927
13366	2928
13368	2929
13370	2930
13372	2931
13374	2932
13376	2933
13377	2934
13378	2935
13396	2936
13397	2937
13398	2938
13399	2939
13400	2940
13403	2941
13404	2942
13405	2943
13406	2944
13407	2945
13408	2946
13409	2947
13410	2948
13411	2949
13412	2950
13413	2951
13414	2952
13415	2953
13416	2954
13417	2955
13418	2956
13419	2957
13420	2958
13421	2959
13422	2960
13423	2961
13424	2962
13425	2963
13430	2964
13431	2965
13441	2966
13442	2967
13443	2968
13444	2969
13445	2970
13449	2971
13450	2972
13451	2973
13452	2974
13453	2975
13454	2976
13455	2977
13456	2978
13457	2979
13458	2980
13459	2981
13460	2982
13461	2983
13462	2984
13465	2985
13466	2986
13467	2987
13468	2988
13469	2989
13470	2990
13471	2991
13472	2992
13473	2993
13474	2994
13475	2995
13476	2996
13477	2997
13478	2998
13479	2999
13480	3000
13481	3001
13482	3002
13483	3003
13484	3004
13485	3005
13486	3006
13487	3007
13488	3008
13489	3009
13490	3010
13491	3011
13492	3012
13493	3013
13494	3014
13495	3015
13496	3016
13497	3017
13498	3018
13499	3019
13500	3020
13501	3021
13502	3022
13503	3023
13504	3024
13505	3025
13506	3026
13507	3027
13508	3028
13509	3029
13510	3030
13511	3031
13512	3032
13513	3033
13514	3034
13515	3035
13516	3036
13517	3037
13518	3038
13519	3039
13520	3040
13521	3041
13522	3042
13523	3043
13524	3044
13525	3045
13526	3046
13527	3047
13528	3048
13529	3049
13530	3050
13531	3051
13532	3052
13533	3053
13534	3054
13535	3055
13536	3056
13537	3057
13538	3058
13539	3059
13540	3060
13541	3061
13542	3062
13543	3063
13544	3064
13545	3065
13546	3066
13547	3067
13548	3068
13549	3069
13550	3070
13551	3071
13552	3072
13553	3073
13554	3074
13555	3075
13556	3076
13557	3077
13558	3078
13559	3079
13567	3080
13579	3081
13594	3082
13595	3083
13596	3084
13597	3085
13612	3086
13613	3087
13614	3088
13615	3089
13616	3090
13617	3091
13618	3092
13619	3093
13620	3094
13621	3095
13622	3096
13623	3097
13624	3098
13625	3099
13626	3100
13627	3101
13628	3102
13629	3103
13630	3104
13631	3105
13632	3106
13633	3107
13634	3108
13635	3109
13636	3110
13637	3111
13638	3112
13639	3113
13640	3114
13641	3115
13642	3116
13643	3117
13644	3118
13645	3119
13646	3120
13647	3121
13648	3122
13655	3123
13656	3124
13657	3125
13658	3126
13660	3127
13661	3128
13663	3129
13664	3130
13665	3131
13666	3132
13667	3133
13668	3134
13669	3135
13670	3136
13671	3137
13672	3138
13673	3139
13674	3140
13675	3141
13676	3142
13677	3143
13678	3144
13679	3145
13680	3146
13681	3147
13682	3148
13683	3149
13684	3150
13685	3151
13686	3152
13687	3153
13688	3154
13689	3155
13690	3156
13691	3157
13692	3158
13693	3159
13694	3160
13695	3161
13696	3162
13697	3163
13698	3164
13699	3165
13700	3166
13701	3167
13702	3168
13703	3169
13704	3170
13705	3171
13706	3172
13709	3173
13710	3174
13711	3175
13712	3176
13713	3177
13714	3178
13715	3179
13716	3180
13717	3181
13718	3182
13719	3183
13720	3184
13721	3185
13733	3186
13734	3187
13736	3188
13738	3189
13740	3190
13742	3191
13744	3192
13763	3193
13764	3194
13765	3195
13766	3196
13767	3197
13768	3198
13769	3199
13770	3200
13771	3201
13772	3202
13773	3203
13774	3204
13775	3205
13776	3206
13777	3207
13778	3208
13779	3209
13780	3210
13781	3211
13782	3212
13783	3213
13784	3214
13785	3215
13786	3216
13787	3217
13788	3218
13789	3219
13790	3220
13791	3221
13792	3222
13793	3223
13794	3224
13795	3225
13796	3226
13797	3227
13798	3228
13799	3229
13800	3230
13801	3231
13802	3232
13803	3233
13804	3234
13805	3235
13806	3236
13807	3237
13808	3238
13809	3239
13810	3240
13811	3241
13812	3242
13813	3243
13814	3244
13815	3245
13816	3246
13817	3247
13818	3248
13819	3249
13820	3250
13821	3251
13822	3252
13823	3253
13824	3254
13825	3255
13826	3256
13827	3257
13828	3258
13829	3259
13830	3260
13831	3261
13832	3262
13833	3263
13834	3264
13835	3265
13836	3266
13837	3267
13838	3268
13839	3269
13845	3270
13846	3271
13847	3272
13848	3273
13849	3274
13850	3275
13851	3276
13852	3277
13853	3278
13854	3279
13855	3280
13856	3281
13857	3282
13858	3283
13860	3284
13861	3285
13863	3286
13864	3287
13866	3288
13867	3289
13869	3290
13870	3291
13872	3292
13873	3293
13875	3294
13876	3295
13878	3296
13879	3297
13880	3298
13881	3299
13882	3300
13883	3301
13884	3302
13886	3303
13887	3304
13889	3305
13890	3306
13892	3307
13893	3308
13895	3309
13896	3310
13898	3311
13899	3312
13901	3313
13902	3314
13904	3315
13905	3316
13907	3317
13908	3318
13910	3319
13911	3320
13913	3321
13914	3322
13916	3323
13917	3324
13919	3325
13920	3326
13922	3327
13923	3328
13925	3329
13926	3330
13928	3331
13929	3332
13931	3333
13932	3334
13934	3335
13935	3336
13937	3337
13938	3338
13940	3339
13941	3340
13943	3341
13944	3342
13946	3343
13947	3344
13949	3345
13950	3346
13952	3347
13953	3348
13954	3349
13955	3350
13956	3351
13957	3352
13958	3353
13960	3354
13961	3355
13963	3356
13964	3357
13966	3358
13967	3359
13969	3360
13970	3361
13972	3362
13973	3363
13975	3364
13976	3365
13978	3366
13979	3367
13981	3368
13982	3369
13984	3370
13985	3371
13987	3372
13988	3373
13990	3374
14057	3375
14058	3376
14059	3377
14060	3378
14063	3379
14064	3380
14076	3381
14077	3382
14078	3383
14079	3384
14080	3385
14081	3386
14086	3387
14087	3388
14088	3389
14094	3390
14095	3391
14096	3392
14097	3393
14099	3394
14100	3395
14101	3396
14102	3397
14103	3398
14104	3399
14105	3400
14107	3401
14108	3402
14109	3403
14110	3404
14111	3405
14112	3406
14113	3407
14114	3408
14115	3409
14116	3410
14117	3411
14118	3412
14119	3413
14120	3414
14121	3415
14122	3416
14124	3417
14126	3418
14128	3419
14130	3420
14132	3421
14134	3422
14136	3423
14138	3424
14140	3425
14142	3426
14144	3427
14146	3428
14148	3429
14150	3430
14152	3431
14154	3432
14156	3433
14158	3434
14160	3435
14192	3436
14194	3437
14196	3438
14198	3439
14200	3440
14287	3441
14289	3442
14291	3443
14293	3444
14295	3445
14297	3446
14299	3447
14301	3448
14303	3449
14305	3450
14307	3451
14309	3452
14311	3453
14313	3454
14315	3455
14317	3456
14319	3457
14321	3458
14323	3459
14325	3460
14327	3461
14329	3462
14331	3463
14333	3464
14335	3465
14337	3466
14339	3467
14341	3468
14343	3469
14345	3470
14347	3471
14349	3472
14351	3473
14353	3474
14355	3475
14357	3476
14359	3477
14361	3478
14363	3479
14365	3480
14367	3481
14369	3482
14371	3483
14373	3484
14375	3485
14377	3486
14379	3487
14381	3488
14383	3489
14385	3490
14387	3491
14389	3492
14390	3493
14391	3494
14393	3495
14395	3496
14397	3497
14399	3498
14401	3499
14403	3500
14405	3501
14407	3502
14409	3503
14411	3504
14413	3505
14415	3506
14417	3507
14419	3508
14460	3509
14469	3510
14470	3511
14478	3512
14479	3513
14481	3514
14482	3515
14483	3516
14484	3517
14486	3518
14489	3519
14490	3520
14492	3521
14494	3522
14497	3523
14499	3524
14501	3525
14505	3526
14535	3527
14571	3528
14572	3529
14573	3530
14577	3531
14578	3532
14579	3533
14590	3534
14591	3535
14592	3536
14593	3537
14594	3538
14595	3539
14596	3540
14599	3541
14600	3542
14601	3543
14602	3544
14603	3545
14604	3546
14605	3547
14628	3548
14631	3549
14632	3550
14636	3551
14637	3552
14641	3553
14642	3554
14645	3555
14662	3556
14663	3557
14679	3558
14681	3559
14684	3560
14686	3561
14694	3562
14695	3563
14712	3564
14713	3565
14725	3566
14728	3567
14729	3568
14730	3569
14731	3570
14732	3571
14733	3572
14734	3573
14736	3574
14737	3575
14742	3576
14743	3577
14745	3578
14747	3579
14749	3580
14751	3581
14753	3582
14755	3583
14757	3584
14759	3585
14761	3586
14763	3587
14765	3588
14767	3589
14769	3590
14771	3591
14773	3592
14775	3593
14777	3594
14779	3595
14781	3596
14783	3597
14785	3598
14787	3599
14789	3600
14791	3601
14796	3602
14823	3603
14824	3604
14825	3605
14826	3606
14835	3607
14936	3608
14937	3609
14938	3610
14939	3611
15005	3612
15006	3613
15007	3614
15008	3615
15021	3616
15022	3617
15023	3618
15024	3619
15025	3620
15026	3621
15027	3622
15028	3623
15029	3624
15030	3625
15031	3626
15032	3627
15033	3628
15034	3629
15035	3630
15036	3631
15037	3632
15038	3633
15039	3634
15040	3635
15041	3636
15042	3637
15043	3638
15044	3639
15046	3640
15048	3641
15050	3642
15052	3643
15054	3644
15061	3645
15063	3646
15064	3647
15065	3648
15067	3649
15069	3650
15071	3651
15073	3652
15126	3653
15214	3654
15215	3655
15241	3656
15253	3657
15255	3658
15256	3659
15257	3660
15259	3661
15261	3662
15276	3663
15277	3664
15281	3665
15298	3666
15336	3667
15337	3668
15338	3669
15339	3670
15345	3671
15347	3672
15349	3673
15352	3674
15353	3675
15373	3676
15374	3677
15393	3678
15394	3679
15395	3680
15396	3681
15397	3682
15403	3683
15417	3684
15418	3685
15422	3686
15423	3687
15424	3688
15425	3689
15426	3690
15427	3691
15432	3692
15433	3693
15434	3694
15435	3695
15438	3696
15439	3697
15440	3698
15441	3699
15442	3700
15443	3701
15444	3702
15445	3703
15446	3704
15447	3705
15448	3706
15449	3707
15450	3708
15451	3709
15452	3710
15453	3711
15454	3712
15455	3713
15456	3714
15457	3715
15458	3716
15459	3717
15460	3718
15461	3719
15462	3720
15463	3721
15464	3722
15477	3723
15484	3724
15485	3725
15486	3726
15488	3727
15490	3728
15492	3729
15496	3730
15497	3731
15502	3732
15503	3733
15505	3734
15507	3735
15509	3736
15511	3737
15582	3738
15590	3739
15596	3740
15597	3741
15598	3742
15599	3743
15600	3744
15602	3745
15604	3746
15606	3747
15608	3748
15610	3749
15612	3750
15614	3751
15616	3752
15618	3753
15620	3754
15622	3755
15673	3756
15701	3757
15702	3758
15703	3759
15704	3760
15706	3761
15753	3762
15755	3763
15757	3764
15759	3765
15761	3766
15763	3767
15765	3768
15767	3769
15769	3770
15771	3771
15773	3772
15775	3773
15776	3774
15777	3775
15778	3776
15779	3777
15780	3778
15781	3779
15782	3780
15783	3781
15784	3782
15785	3783
15786	3784
15787	3785
15788	3786
15789	3787
15790	3788
15791	3789
15792	3790
15793	3791
15794	3792
15795	3793
15796	3794
15797	3795
15798	3796
15799	3797
15800	3798
15801	3799
15802	3800
15803	3801
15804	3802
15805	3803
15806	3804
15807	3805
15808	3806
15809	3807
15810	3808
15811	3809
15812	3810
15813	3811
15814	3812
15815	3813
15816	3814
15817	3815
15818	3816
15819	3817
15820	3818
15821	3819
15822	3820
15823	3821
15824	3822
15825	3823
15826	3824
15827	3825
15828	3826
15829	3827
15830	3828
15831	3829
15832	3830
15833	3831
15834	3832
15835	3833
15836	3834
15837	3835
15838	3836
15839	3837
15840	3838
15841	3839
15842	3840
15843	3841
15844	3842
15845	3843
15846	3844
15847	3845
15848	3846
15849	3847
15850	3848
15851	3849
15852	3850
15853	3851
15854	3852
15855	3853
15856	3854
15857	3855
15858	3856
15859	3857
15860	3858
15861	3859
15862	3860
15863	3861
15864	3862
15865	3863
15866	3864
15867	3865
15868	3866
15869	3867
15870	3868
15871	3869
15872	3870
15873	3871
15874	3872
15875	3873
15876	3874
15877	3875
15878	3876
15879	3877
15880	3878
15881	3879
15882	3880
15883	3881
15884	3882
15885	3883
15886	3884
15887	3885
15888	3886
15889	3887
15890	3888
15891	3889
15892	3890
15893	3891
15894	3892
15895	3893
15896	3894
15897	3895
15898	3896
15899	3897
15900	3898
15901	3899
15902	3900
15903	3901
15904	3902
15905	3903
15906	3904
15907	3905
15908	3906
15909	3907
15910	3908
15911	3909
15912	3910
15913	3911
15914	3912
15915	3913
15916	3914
15917	3915
15918	3916
15919	3917
15920	3918
15921	3919
15922	3920
15923	3921
15924	3922
15925	3923
15926	3924
15927	3925
15928	3926
15929	3927
15930	3928
15931	3929
15932	3930
15933	3931
15934	3932
15935	3933
15936	3934
15937	3935
15938	3936
15939	3937
15940	3938
15941	3939
15942	3940
15943	3941
15944	3942
15945	3943
15946	3944
15991	3945
15992	3946
15993	3947
15994	3948
15995	3949
15996	3950
15997	3951
15998	3952
15999	3953
16000	3954
16001	3955
16002	3956
16003	3957
16004	3958
16005	3959
16006	3960
16007	3961
16008	3962
16009	3963
16010	3964
16011	3965
16012	3966
16013	3967
16014	3968
16015	3969
16016	3970
16017	3971
16018	3972
16019	3973
16020	3974
16021	3975
16022	3976
16023	3977
16024	3978
16025	3979
16026	3980
16027	3981
16028	3982
16029	3983
16030	3984
16031	3985
16032	3986
16033	3987
16034	3988
16035	3989
16036	3990
16037	3991
16038	3992
16039	3993
16040	3994
16041	3995
16042	3996
16043	3997
16044	3998
16045	3999
16046	4000
16047	4001
16048	4002
16049	4003
16050	4004
16051	4005
16052	4006
16053	4007
16054	4008
16055	4009
16056	4010
16057	4011
16058	4012
16059	4013
16060	4014
16061	4015
16062	4016
16063	4017
16064	4018
16065	4019
16066	4020
16067	4021
16068	4022
16069	4023
16070	4024
16071	4025
16072	4026
16073	4027
16074	4028
16075	4029
16076	4030
16077	4031
16078	4032
16079	4033
16080	4034
16081	4035
16082	4036
16083	4037
16084	4038
16085	4039
16086	4040
16087	4041
16088	4042
16089	4043
16090	4044
16105	4045
16106	4046
16107	4047
16108	4048
16109	4049
16110	4050
16111	4051
16112	4052
16113	4053
16114	4054
16115	4055
16116	4056
16117	4057
16118	4058
16119	4059
16120	4060
16121	4061
16122	4062
16123	4063
16124	4064
16125	4065
16126	4066
16127	4067
16128	4068
16129	4069
16130	4070
16131	4071
16132	4072
16133	4073
16134	4074
16135	4075
16136	4076
16137	4077
16138	4078
16139	4079
16140	4080
16141	4081
16142	4082
16143	4083
16144	4084
16145	4085
16146	4086
16147	4087
16148	4088
16149	4089
16150	4090
16151	4091
16152	4092
16153	4093
16154	4094
16155	4095
16156	4096
16157	4097
16158	4098
16159	4099
16160	4100
16161	4101
16162	4102
16163	4103
16164	4104
16165	4105
16166	4106
16167	4107
16168	4108
16169	4109
16170	4110
16171	4111
16172	4112
16173	4113
16174	4114
16175	4115
16176	4116
16177	4117
16178	4118
16179	4119
16180	4120
16181	4121
16182	4122
16183	4123
16184	4124
16185	4125
16186	4126
16187	4127
16188	4128
16189	4129
16190	4130
16191	4131
16192	4132
16193	4133
16194	4134
16195	4135
16196	4136
16197	4137
16198	4138
16199	4139
16200	4140
16201	4141
16202	4142
16203	4143
16204	4144
16205	4145
16206	4146
16207	4147
16208	4148
16209	4149
16210	4150
16211	4151
16212	4152
16213	4153
16214	4154
16215	4155
16216	4156
16217	4157
16218	4158
16219	4159
16220	4160
16221	4161
16222	4162
16223	4163
16224	4164
16225	4165
16226	4166
16227	4167
16228	4168
16229	4169
16230	4170
16231	4171
16232	4172
16233	4173
16234	4174
16235	4175
16236	4176
16237	4177
16238	4178
16239	4179
16240	4180
16241	4181
16242	4182
16243	4183
16244	4184
16245	4185
16246	4186
16247	4187
16248	4188
16249	4189
16250	4190
16251	4191
16252	4192
16253	4193
16254	4194
16255	4195
16256	4196
16257	4197
16258	4198
16259	4199
16260	4200
16261	4201
16262	4202
16263	4203
16264	4204
16265	4205
16266	4206
16267	4207
16268	4208
16269	4209
16270	4210
16271	4211
16272	4212
16273	4213
16275	4214
16277	4215
16279	4216
16281	4217
16283	4218
16285	4219
16287	4220
16289	4221
16291	4222
16293	4223
16295	4224
16297	4225
16299	4226
16301	4227
16303	4228
16305	4229
16307	4230
16309	4231
16311	4232
16313	4233
16315	4234
16317	4235
16319	4236
16321	4237
16323	4238
16325	4239
16327	4240
16329	4241
16331	4242
16333	4243
16335	4244
16337	4245
16339	4246
16341	4247
16343	4248
16345	4249
16347	4250
16349	4251
16351	4252
16353	4253
16355	4254
16357	4255
16359	4256
16361	4257
16363	4258
16365	4259
16367	4260
16369	4261
16371	4262
16373	4263
16375	4264
16377	4265
16379	4266
16381	4267
16383	4268
16385	4269
16387	4270
16389	4271
16391	4272
16393	4273
16395	4274
16397	4275
16399	4276
16401	4277
16403	4278
16405	4279
16407	4280
16409	4281
16411	4282
16413	4283
16415	4284
16417	4285
16419	4286
16421	4287
16423	4288
16425	4289
16647	4290
16649	4291
16651	4292
16653	4293
16655	4294
16657	4295
16659	4296
16661	4297
16663	4298
16665	4299
16667	4300
16669	4301
16671	4302
16673	4303
16675	4304
16677	4305
16679	4306
16681	4307
16683	4308
16685	4309
16687	4310
16689	4311
16691	4312
16693	4313
16695	4314
16697	4315
16699	4316
16701	4317
16703	4318
16705	4319
16707	4320
16709	4321
16711	4322
16713	4323
16715	4324
16717	4325
16719	4326
16721	4327
16723	4328
16725	4329
16727	4330
16729	4331
16731	4332
16733	4333
16735	4334
16737	4335
16739	4336
16741	4337
16743	4338
16745	4339
16747	4340
16749	4341
16751	4342
16753	4343
16755	4344
16757	4345
16759	4346
16761	4347
16763	4348
16765	4349
16767	4350
16769	4351
16771	4352
16773	4353
16775	4354
16777	4355
16779	4356
16781	4357
16783	4358
16785	4359
16787	4360
16789	4361
16791	4362
16793	4363
16795	4364
16797	4365
16799	4366
16801	4367
16803	4368
16805	4369
16807	4370
16809	4371
16811	4372
16813	4373
16815	4374
16817	4375
16819	4376
16821	4377
16823	4378
16825	4379
16827	4380
16829	4381
16831	4382
16833	4383
16835	4384
16837	4385
16839	4386
16841	4387
16843	4388
16845	4389
16847	4390
16849	4391
16851	4392
16853	4393
16855	4394
16857	4395
16859	4396
16861	4397
16863	4398
16865	4399
16867	4400
16869	4401
16871	4402
16873	4403
16875	4404
16877	4405
16879	4406
16881	4407
16883	4408
16885	4409
16887	4410
16889	4411
16891	4412
16893	4413
16895	4414
16897	4415
16899	4416
16901	4417
16903	4418
16905	4419
16907	4420
16909	4421
16911	4422
16913	4423
16915	4424
16917	4425
16919	4426
16921	4427
16923	4428
16925	4429
16927	4430
16929	4431
16931	4432
16933	4433
16935	4434
16937	4435
16939	4436
16941	4437
16943	4438
16945	4439
16947	4440
16949	4441
16951	4442
16953	4443
16955	4444
16957	4445
16959	4446
16961	4447
16963	4448
16965	4449
16967	4450
16969	4451
16971	4452
16973	4453
16975	4454
16977	4455
16979	4456
16981	4457
16983	4458
16985	4459
16987	4460
16989	4461
16991	4462
16993	4463
16995	4464
16997	4465
16999	4466
17001	4467
17003	4468
17005	4469
17007	4470
17009	4471
17011	4472
17013	4473
17015	4474
17017	4475
17019	4476
17021	4477
17023	4478
17025	4479
17027	4480
17029	4481
17031	4482
17033	4483
17035	4484
17037	4485
17039	4486
17041	4487
17043	4488
17045	4489
17047	4490
17049	4491
17051	4492
17053	4493
17055	4494
17057	4495
17059	4496
17061	4497
17063	4498
17065	4499
17067	4500
17069	4501
17071	4502
17073	4503
17075	4504
17077	4505
17079	4506
17081	4507
17083	4508
17085	4509
17087	4510
17089	4511
17091	4512
17093	4513
17095	4514
17097	4515
17099	4516
17101	4517
17103	4518
17105	4519
17107	4520
17109	4521
17111	4522
17113	4523
17115	4524
17117	4525
17119	4526
17121	4527
17123	4528
17125	4529
17127	4530
17129	4531
17131	4532
17133	4533
17135	4534
17137	4535
17139	4536
17141	4537
17143	4538
17145	4539
17147	4540
17149	4541
17151	4542
17153	4543
17155	4544
17157	4545
17159	4546
17161	4547
17163	4548
17165	4549
17167	4550
17169	4551
17171	4552
17173	4553
17175	4554
17177	4555
17179	4556
17181	4557
17183	4558
17185	4559
17187	4560
17189	4561
17191	4562
17193	4563
17195	4564
17197	4565
17199	4566
17201	4567
17203	4568
17205	4569
17207	4570
17209	4571
17211	4572
17213	4573
17215	4574
17217	4575
17219	4576
17221	4577
17223	4578
17225	4579
17227	4580
17229	4581
17231	4582
17233	4583
17235	4584
17237	4585
17239	4586
17241	4587
17243	4588
17245	4589
17247	4590
17249	4591
17251	4592
17253	4593
17255	4594
17257	4595
17259	4596
17261	4597
17263	4598
17265	4599
17267	4600
17269	4601
17271	4602
17273	4603
17275	4604
17277	4605
17279	4606
17281	4607
17283	4608
17285	4609
17287	4610
17289	4611
17291	4612
17293	4613
17295	4614
17297	4615
17299	4616
17301	4617
17303	4618
17305	4619
17307	4620
17309	4621
17311	4622
17313	4623
17315	4624
17317	4625
17319	4626
17321	4627
17323	4628
17325	4629
17327	4630
17329	4631
17331	4632
17333	4633
17335	4634
17337	4635
17339	4636
17341	4637
17343	4638
17345	4639
17347	4640
17349	4641
17351	4642
17353	4643
17355	4644
17357	4645
17359	4646
17361	4647
17377	4648
17415	4649
17444	4650
17446	4651
17468	4652
17470	4653
17472	4654
17474	4655
17476	4656
17478	4657
17480	4658
17482	4659
17484	4660
17486	4661
17490	4662
17678	4663
17682	4664
17684	4665
17686	4666
17688	4667
17690	4668
17692	4669
17694	4670
17696	4671
17698	4672
17700	4673
17702	4674
17704	4675
17706	4676
17708	4677
17710	4678
17712	4679
17714	4680
17716	4681
17718	4682
17720	4683
17722	4684
17724	4685
17726	4686
17728	4687
17730	4688
17732	4689
17734	4690
17736	4691
17738	4692
17740	4693
17754	4694
17794	4695
17883	4696
18199	4697
18331	4698
18332	4699
18333	4700
18334	4701
18335	4702
18340	4703
18341	4704
18342	4705
18346	4706
18347	4707
18349	4708
18350	4709
18351	4710
18352	4711
18353	4712
18354	4713
18355	4714
18356	4715
18357	4716
18358	4717
18359	4718
18360	4719
18361	4720
18362	4721
18363	4722
18364	4723
18365	4724
18366	4725
18367	4726
18368	4727
18369	4728
18370	4729
18371	4730
18372	4731
18373	4732
18374	4733
18508	4734
18509	4735
18510	4736
18580	4737
18581	4738
18582	4739
18583	4740
18584	4741
18585	4742
18643	4743
18644	4744
18650	4745
18667	4746
18673	4747
18681	4748
18682	4749
18690	4750
18691	4751
18693	4752
18695	4753
18697	4754
18699	4755
18704	4756
18705	4757
18706	4758
18707	4759
18708	4760
18709	4761
18739	4762
18740	4763
18741	4764
18742	4765
18743	4766
18744	4767
18745	4768
18746	4769
18747	4770
18776	4771
18777	4772
18778	4773
18779	4774
18780	4775
18781	4776
18782	4777
18784	4778
18785	4779
18786	4780
18788	4781
18840	4782
19143	4783
19145	4784
19146	4785
19148	4786
19149	4787
19151	4788
19167	4789
19169	4790
19171	4791
19173	4792
19175	4793
19177	4794
19179	4795
19181	4796
19182	4797
19184	4798
19185	4799
19187	4800
19188	4801
19190	4802
19192	4803
19194	4804
19196	4805
19198	4806
19200	4807
19202	4808
19203	4809
19205	4810
19206	4811
19208	4812
19209	4813
19211	4814
19213	4815
19215	4816
19217	4817
19219	4818
19221	4819
19223	4820
19224	4821
19226	4822
19227	4823
19229	4824
19230	4825
19232	4826
19234	4827
19236	4828
19238	4829
19240	4830
19242	4831
19244	4832
19245	4833
19247	4834
19248	4835
19250	4836
19251	4837
19253	4838
19255	4839
19257	4840
19259	4841
19261	4842
19263	4843
19265	4844
19266	4845
19268	4846
19269	4847
19271	4848
19272	4849
19274	4850
19275	4851
19277	4852
19278	4853
19280	4854
19281	4855
19283	4856
19284	4857
19286	4858
19287	4859
19289	4860
19290	4861
19292	4862
19293	4863
19295	4864
19296	4865
19298	4866
19299	4867
19301	4868
19302	4869
19304	4870
19305	4871
19307	4872
19308	4873
19310	4874
19311	4875
19313	4876
19314	4877
19316	4878
19317	4879
19319	4880
19320	4881
19322	4882
19323	4883
19325	4884
19327	4885
19329	4886
19331	4887
19335	4888
19336	4889
19337	4890
19338	4891
19339	4892
19340	4893
19341	4894
19342	4895
19343	4896
19344	4897
19345	4898
19362	4899
19364	4900
19366	4901
19368	4902
19370	4903
19372	4904
19374	4905
19376	4906
19378	4907
19380	4908
19382	4909
19384	4910
19386	4911
19388	4912
19390	4913
19392	4914
19394	4915
19396	4916
19398	4917
19400	4918
19401	4919
19403	4920
19404	4921
19406	4922
19407	4923
19409	4924
19410	4925
19412	4926
19413	4927
19415	4928
19416	4929
19418	4930
19419	4931
19421	4932
19422	4933
19424	4934
19425	4935
19427	4936
19428	4937
19430	4938
19431	4939
19433	4940
19434	4941
19436	4942
19437	4943
19439	4944
19440	4945
19442	4946
19443	4947
19445	4948
19447	4949
19449	4950
19451	4951
19453	4952
19455	4953
19457	4954
19459	4955
19461	4956
19463	4957
19465	4958
19612	4959
19613	4960
19614	4961
19615	4962
19616	4963
19617	4964
19618	4965
19619	4966
19620	4967
19624	4968
19625	4969
19635	4970
19640	4971
19641	4972
19649	4973
19668	4974
19671	4975
19706	4976
19707	4977
19708	4978
19709	4979
19710	4980
19712	4981
19713	4982
19714	4983
19715	4984
19716	4985
19717	4986
19718	4987
19719	4988
19720	4989
19721	4990
19722	4991
19723	4992
19724	4993
19725	4994
19726	4995
19727	4996
19728	4997
19729	4998
19730	4999
19731	5000
19732	5001
19733	5002
19734	5003
19735	5004
19747	5005
19748	5006
19749	5007
19753	5008
19754	5009
19757	5010
19763	5011
19766	5012
19776	5013
19780	5014
19781	5015
19782	5016
19783	5017
19784	5018
19785	5019
19786	5020
19787	5021
19788	5022
19789	5023
19790	5024
19799	5025
19801	5026
19808	5027
19830	5028
19833	5029
19834	5030
19865	5031
19866	5032
19867	5033
19868	5034
19886	5035
19887	5036
19888	5037
19889	5038
19892	5039
19893	5040
20023	5041
20043	5042
20044	5043
20045	5044
20046	5045
20048	5046
20049	5047
20050	5048
20064	5049
20065	5050
20066	5051
20067	5052
20068	5053
20070	5054
20072	5055
20077	5056
20084	5057
20091	5058
20095	5059
20110	5060
20113	5061
20115	5062
20116	5063
20117	5064
20118	5065
20119	5066
20125	5067
20127	5068
20129	5069
20131	5070
20133	5071
20135	5072
20137	5073
20138	5074
20139	5075
20141	5076
20142	5077
20143	5078
20145	5079
20146	5080
20147	5081
20149	5082
20150	5083
20151	5084
20153	5085
20154	5086
20155	5087
20157	5088
20158	5089
20159	5090
20161	5091
20162	5092
20163	5093
20165	5094
20166	5095
20167	5096
20169	5097
20170	5098
20171	5099
20173	5100
20174	5101
20177	5102
20178	5103
20182	5104
20272	5105
20276	5106
20278	5107
20282	5108
20284	5109
20288	5110
20290	5111
20294	5112
20296	5113
20300	5114
20302	5115
20306	5116
20308	5117
20312	5118
20314	5119
20318	5120
20320	5121
20324	5122
20326	5123
20330	5124
20332	5125
20336	5126
20338	5127
20342	5128
20344	5129
20348	5130
20350	5131
20354	5132
20356	5133
20360	5134
20362	5135
20366	5136
20368	5137
20372	5138
20374	5139
20378	5140
20380	5141
20384	5142
20386	5143
20390	5144
20392	5145
20396	5146
20398	5147
20402	5148
20404	5149
20408	5150
20410	5151
20414	5152
20416	5153
20420	5154
20422	5155
20426	5156
20427	5157
20430	5158
20433	5159
20434	5160
20436	5161
20438	5162
20440	5163
20442	5164
20444	5165
20446	5166
20448	5167
20450	5168
20452	5169
20454	5170
20456	5171
20458	5172
20460	5173
20462	5174
20464	5175
20466	5176
20533	5177
20534	5178
20535	5179
20536	5180
20537	5181
20538	5182
20539	5183
20540	5184
20541	5185
20542	5186
20543	5187
20544	5188
20545	5189
20546	5190
20547	5191
20548	5192
20549	5193
20550	5194
20551	5195
20552	5196
20553	5197
20554	5198
20555	5199
20556	5200
20557	5201
20671	5202
20673	5203
20686	5204
20708	5205
20709	5206
20714	5207
20716	5208
20718	5209
20725	5210
20727	5211
20728	5212
20729	5213
20733	5214
20735	5215
20736	5216
20737	5217
20738	5218
20739	5219
20740	5220
20741	5221
20742	5222
20743	5223
20744	5224
20745	5225
20746	5226
20747	5227
20748	5228
20749	5229
20750	5230
20751	5231
20752	5232
20753	5233
20754	5234
20755	5235
20756	5236
20757	5237
20758	5238
20759	5239
20760	5240
20761	5241
20762	5242
20763	5243
20764	5244
20765	5245
20766	5246
20767	5247
20768	5248
20769	5249
20770	5250
20771	5251
20772	5252
20773	5253
20774	5254
20775	5255
20776	5256
20777	5257
20778	5258
20779	5259
20780	5260
20781	5261
20782	5262
20783	5263
20784	5264
20785	5265
20786	5266
20787	5267
20788	5268
20789	5269
20790	5270
20791	5271
20792	5272
20793	5273
20794	5274
20795	5275
20796	5276
20797	5277
20798	5278
20799	5279
20800	5280
20801	5281
20802	5282
20803	5283
20804	5284
20805	5285
20806	5286
20807	5287
20808	5288
20809	5289
20810	5290
20811	5291
20812	5292
20813	5293
20814	5294
20815	5295
20816	5296
20817	5297
20818	5298
20819	5299
20820	5300
20821	5301
20822	5302
20823	5303
20824	5304
20825	5305
20826	5306
20833	5307
20849	5308
20857	5309
20859	5310
20872	5311
20873	5312
20874	5313
20875	5314
20876	5315
20877	5316
20878	5317
20883	5318
20891	5319
20892	5320
20929	5321
20931	5322
20932	5323
20933	5324
20934	5325
20949	5326
20950	5327
20951	5328
20952	5329
20953	5330
20954	5331
20955	5332
20956	5333
20957	5334
20958	5335
20959	5336
20961	5337
20962	5338
20963	5339
20964	5340
20965	5341
20966	5342
20967	5343
20968	5344
20969	5345
20970	5346
20971	5347
20972	5348
20973	5349
20974	5350
20975	5351
20976	5352
20977	5353
20978	5354
20979	5355
20980	5356
20981	5357
20982	5358
20983	5359
20984	5360
20985	5361
20986	5362
20987	5363
20988	5364
20989	5365
20990	5366
20991	5367
20992	5368
20993	5369
20994	5370
20995	5371
20996	5372
20997	5373
20998	5374
20999	5375
21000	5376
21001	5377
21002	5378
21003	5379
21004	5380
21005	5381
21006	5382
21007	5383
21008	5384
21009	5385
21010	5386
21011	5387
21012	5388
21013	5389
21014	5390
21015	5391
21016	5392
21017	5393
21018	5394
21019	5395
21020	5396
21021	5397
21022	5398
21023	5399
21024	5400
21025	5401
21026	5402
21027	5403
21028	5404
21029	5405
21030	5406
21031	5407
21032	5408
21033	5409
21034	5410
21035	5411
21036	5412
21037	5413
21038	5414
21039	5415
21040	5416
21041	5417
21042	5418
21043	5419
21044	5420
21045	5421
21046	5422
21047	5423
21048	5424
21049	5425
21050	5426
21051	5427
21052	5428
21053	5429
21054	5430
21055	5431
21056	5432
21057	5433
21058	5434
21059	5435
21060	5436
21061	5437
21062	5438
21063	5439
21064	5440
21065	5441
21066	5442
21067	5443
21068	5444
21069	5445
21070	5446
21071	5447
21072	5448
21073	5449
21074	5450
21075	5451
21076	5452
21077	5453
21078	5454
21079	5455
21080	5456
21081	5457
21082	5458
21083	5459
21084	5460
21085	5461
21086	5462
21087	5463
21088	5464
21089	5465
21090	5466
21091	5467
21092	5468
21093	5469
21094	5470
21095	5471
21096	5472
21097	5473
21098	5474
21099	5475
21100	5476
21101	5477
21102	5478
21103	5479
21104	5480
21105	5481
21106	5482
21107	5483
21108	5484
21109	5485
21110	5486
21111	5487
21112	5488
21113	5489
21114	5490
21115	5491
21116	5492
21117	5493
21118	5494
21119	5495
21120	5496
21121	5497
21122	5498
21123	5499
21124	5500
21125	5501
21126	5502
21127	5503
21128	5504
21129	5505
21130	5506
21131	5507
21132	5508
21133	5509
21134	5510
21135	5511
21136	5512
21137	5513
21138	5514
21139	5515
21140	5516
21141	5517
21142	5518
21143	5519
21144	5520
21145	5521
21146	5522
21147	5523
21148	5524
21149	5525
21150	5526
21151	5527
21152	5528
21153	5529
21154	5530
21155	5531
21156	5532
21157	5533
21158	5534
21159	5535
21160	5536
21161	5537
21162	5538
21163	5539
21164	5540
21165	5541
21166	5542
21167	5543
21168	5544
21169	5545
21170	5546
21171	5547
21172	5548
21173	5549
21174	5550
21175	5551
21176	5552
21177	5553
21178	5554
21179	5555
21180	5556
21181	5557
21182	5558
21183	5559
21184	5560
21185	5561
21186	5562
21187	5563
21188	5564
21189	5565
21190	5566
21191	5567
21192	5568
21193	5569
21194	5570
21195	5571
21196	5572
21197	5573
21198	5574
21199	5575
21200	5576
21201	5577
21202	5578
21203	5579
21204	5580
21205	5581
21206	5582
21207	5583
21208	5584
21209	5585
21210	5586
21211	5587
21212	5588
21213	5589
21214	5590
21215	5591
21216	5592
21217	5593
21218	5594
21219	5595
21220	5596
21221	5597
21222	5598
21223	5599
21224	5600
21225	5601
21226	5602
21227	5603
21228	5604
21229	5605
21230	5606
21231	5607
21232	5608
21233	5609
21234	5610
21235	5611
21236	5612
21237	5613
21238	5614
21239	5615
21240	5616
21241	5617
21242	5618
21243	5619
21244	5620
21245	5621
21246	5622
21247	5623
21248	5624
21249	5625
21250	5626
21251	5627
21252	5628
21253	5629
21254	5630
21255	5631
21256	5632
21257	5633
21258	5634
21259	5635
21260	5636
21261	5637
21262	5638
21263	5639
21264	5640
21265	5641
21266	5642
21322	5643
21323	5644
21324	5645
21325	5646
21326	5647
21327	5648
21328	5649
21329	5650
21330	5651
21334	5652
21335	5653
21340	5654
21341	5655
21342	5656
21347	5657
21349	5658
21351	5659
21352	5660
21353	5661
21364	5662
21365	5663
21371	5664
21372	5665
21373	5666
21374	5667
21375	5668
21389	5669
21390	5670
21391	5671
21393	5672
21394	5673
21395	5674
21396	5675
21397	5676
21398	5677
21399	5678
21400	5679
21401	5680
21404	5681
21405	5682
21406	5683
21407	5684
21408	5685
21417	5686
21418	5687
21419	5688
21420	5689
21421	5690
21422	5691
21423	5692
21424	5693
21425	5694
21426	5695
21427	5696
21434	5697
21435	5698
21439	5699
21440	5700
21441	5701
21442	5702
21443	5703
21445	5704
21446	5705
21447	5706
21448	5707
21449	5708
21450	5709
21452	5710
21462	5711
21463	5712
21464	5713
21465	5714
21466	5715
21467	5716
21468	5717
21469	5718
21470	5719
21471	5720
21472	5721
21473	5722
21474	5723
21475	5724
21476	5725
21477	5726
21478	5727
21479	5728
21480	5729
21481	5730
21482	5731
21483	5732
21484	5733
21485	5734
21486	5735
21487	5736
21490	5737
21491	5738
21492	5739
21493	5740
21494	5741
21495	5742
21496	5743
21497	5744
21498	5745
21499	5746
21500	5747
21501	5748
21502	5749
21503	5750
21504	5751
21505	5752
21506	5753
21507	5754
21508	5755
21509	5756
21510	5757
21513	5758
21514	5759
21516	5760
21517	5761
21518	5762
21519	5763
21523	5764
21524	5765
21526	5766
21527	5767
21528	5768
21529	5769
21530	5770
21532	5771
21533	5772
21534	5773
21535	5774
21536	5775
21537	5776
21538	5777
21539	5778
21540	5779
21541	5780
21542	5781
21543	5782
21544	5783
21545	5784
21546	5785
21547	5786
21548	5787
21549	5788
21550	5789
21551	5790
21552	5791
21553	5792
21554	5793
21555	5794
21556	5795
21557	5796
21558	5797
21559	5798
21560	5799
21561	5800
21562	5801
21563	5802
21564	5803
21565	5804
21566	5805
21571	5806
21572	5807
21573	5808
21574	5809
21575	5810
21576	5811
21580	5812
21581	5813
21582	5814
21596	5815
21597	5816
21598	5817
21599	5818
21736	5819
21738	5820
21739	5821
21740	5822
21741	5823
21742	5824
21744	5825
21746	5826
21747	5827
21748	5828
21749	5829
21750	5830
21752	5831
21754	5832
21755	5833
21756	5834
21757	5835
21758	5836
21760	5837
21762	5838
21763	5839
21764	5840
21765	5841
21766	5842
21777	5843
21787	5844
21789	5845
21790	5846
21792	5847
21793	5848
21795	5849
21798	5850
21818	5851
21820	5852
21822	5853
21864	5854
21865	5855
21866	5856
21867	5857
21868	5858
21869	5859
21870	5860
21871	5861
21872	5862
21873	5863
21886	5864
21887	5865
21888	5866
21889	5867
21890	5868
21891	5869
21892	5870
21893	5871
21894	5872
21895	5873
21896	5874
21897	5875
21898	5876
21899	5877
21900	5878
21901	5879
21902	5880
21903	5881
21904	5882
21905	5883
21906	5884
21907	5885
21908	5886
21909	5887
21910	5888
21911	5889
21912	5890
21913	5891
21914	5892
21915	5893
21916	5894
21917	5895
21918	5896
21919	5897
21920	5898
21921	5899
21922	5900
21923	5901
21924	5902
21925	5903
21926	5904
21927	5905
21928	5906
21929	5907
21930	5908
21931	5909
21932	5910
21933	5911
21934	5912
21935	5913
21936	5914
21937	5915
21938	5916
21939	5917
21940	5918
21941	5919
21942	5920
21943	5921
21944	5922
21945	5923
21946	5924
21947	5925
21948	5926
21949	5927
21950	5928
21951	5929
21952	5930
21953	5931
21954	5932
21955	5933
21956	5934
21957	5935
21958	5936
21959	5937
21960	5938
21961	5939
21962	5940
21963	5941
21964	5942
21965	5943
21966	5944
21967	5945
21968	5946
21969	5947
21970	5948
21971	5949
21972	5950
21973	5951
21974	5952
21975	5953
21976	5954
21977	5955
21978	5956
21979	5957
21980	5958
21981	5959
21982	5960
21983	5961
21984	5962
21985	5963
21986	5964
21987	5965
21988	5966
21989	5967
21990	5968
21991	5969
21992	5970
21993	5971
21994	5972
21995	5973
21996	5974
21997	5975
21998	5976
21999	5977
22000	5978
22001	5979
22002	5980
22003	5981
22004	5982
22005	5983
22006	5984
22007	5985
22008	5986
22009	5987
22010	5988
22011	5989
22012	5990
22013	5991
22014	5992
22015	5993
22016	5994
22017	5995
22018	5996
22019	5997
22020	5998
22021	5999
22022	6000
22023	6001
22024	6002
22025	6003
22026	6004
22027	6005
22028	6006
22029	6007
22030	6008
22031	6009
22032	6010
22033	6011
22034	6012
22035	6013
22036	6014
22037	6015
22038	6016
22039	6017
22040	6018
22041	6019
22042	6020
22043	6021
22044	6022
22045	6023
22046	6024
22047	6025
22048	6026
22049	6027
22050	6028
22051	6029
22052	6030
22053	6031
22054	6032
22055	6033
22056	6034
22057	6035
22058	6036
22059	6037
22060	6038
22061	6039
22062	6040
22063	6041
22064	6042
22065	6043
22066	6044
22067	6045
22068	6046
22069	6047
22070	6048
22071	6049
22072	6050
22073	6051
22074	6052
22075	6053
22076	6054
22077	6055
22078	6056
22079	6057
22080	6058
22081	6059
22082	6060
22083	6061
22084	6062
22085	6063
22086	6064
22087	6065
22088	6066
22089	6067
22090	6068
22091	6069
22092	6070
22093	6071
22094	6072
22095	6073
22096	6074
22097	6075
22098	6076
22099	6077
22100	6078
22101	6079
22102	6080
22103	6081
22104	6082
22105	6083
22106	6084
22107	6085
22108	6086
22109	6087
22110	6088
22111	6089
22112	6090
22113	6091
22114	6092
22115	6093
22116	6094
22117	6095
22118	6096
22119	6097
22120	6098
22121	6099
22122	6100
22123	6101
22124	6102
22125	6103
22126	6104
22127	6105
22128	6106
22129	6107
22130	6108
22131	6109
22132	6110
22133	6111
22134	6112
22135	6113
22136	6114
22137	6115
22138	6116
22139	6117
22140	6118
22141	6119
22142	6120
22143	6121
22144	6122
22145	6123
22146	6124
22147	6125
22148	6126
22149	6127
22150	6128
22151	6129
22152	6130
22153	6131
22154	6132
22155	6133
22156	6134
22157	6135
22158	6136
22159	6137
22160	6138
22161	6139
22162	6140
22163	6141
22164	6142
22165	6143
22166	6144
22167	6145
22168	6146
22169	6147
22170	6148
22171	6149
22172	6150
22173	6151
22174	6152
22175	6153
22176	6154
22177	6155
22178	6156
22179	6157
22180	6158
22181	6159
22182	6160
22183	6161
22184	6162
22185	6163
22186	6164
22187	6165
22188	6166
22189	6167
22190	6168
22191	6169
22192	6170
22193	6171
22194	6172
22195	6173
22196	6174
22197	6175
22198	6176
22199	6177
22200	6178
22201	6179
22202	6180
22203	6181
22204	6182
22205	6183
22206	6184
22207	6185
22208	6186
22209	6187
22210	6188
22211	6189
22212	6190
22213	6191
22214	6192
22215	6193
22216	6194
22217	6195
22218	6196
22219	6197
22220	6198
22221	6199
22222	6200
22223	6201
22224	6202
22225	6203
22226	6204
22227	6205
22228	6206
22229	6207
22230	6208
22231	6209
22232	6210
22233	6211
22234	6212
22235	6213
22236	6214
22237	6215
22238	6216
22239	6217
22240	6218
22241	6219
22242	6220
22243	6221
22244	6222
22245	6223
22246	6224
22247	6225
22248	6226
22249	6227
22250	6228
22251	6229
22252	6230
22253	6231
22254	6232
22255	6233
22256	6234
22257	6235
22258	6236
22259	6237
22260	6238
22261	6239
22262	6240
22263	6241
22264	6242
22265	6243
22266	6244
22268	6245
22269	6246
22270	6247
22271	6248
22272	6249
22273	6250
22274	6251
22275	6252
22276	6253
22277	6254
22278	6255
22279	6256
22280	6257
22281	6258
22282	6259
22283	6260
22284	6261
22285	6262
22286	6263
22287	6264
22288	6265
22289	6266
22290	6267
22291	6268
22292	6269
22293	6270
22294	6271
22295	6272
22296	6273
22297	6274
22298	6275
22299	6276
22300	6277
22301	6278
22302	6279
22303	6280
22304	6281
22305	6282
22306	6283
22307	6284
