14830: 5935, 3260, 3442, 0, 0
2751: 638, 3196, 3403, 0, 3
2748: 553, 3191, 3443, 0, 2
14828: 12346, 3262, 3408, 0, 4
2749: 2759, 3191, 3445, 0, 0
14829: 5934, 3259, 3443, 0, 0
2746: 553, 3191, 3439, 0, 2
14826: 8079, 3256, 3433, 0, 6
2747: 2759, 3191, 3441, 0, 2
2744: 553, 3191, 3435, 0, 2
2745: 2759, 3191, 3437, 0, 2
14825: 2759, 3256, 3418, 0, 4
14823: 2759, 3255, 3418, 0, 4
14821: 2759, 3254, 3418, 0, 4
14818: 553, 3253, 3418, 0, 4
14819: 6135, 3252, 3430, 0, 5
14816: 553, 3252, 3418, 0, 4
14817: 5913, 3252, 3401, 0, 4
14836: 5943, 3263, 3441, 0, 0
14835: 368, 3263, 3407, 0, 0
14834: 5917, 3267, 3410, 0, 6
14832: 5947, 3263, 3447, 0, 6
14796: 783, 3221, 3435, 0, 0
14797: 756, 3222, 3397, 0, 4
14798: 11270, 3222, 3424, 0, 4
14799: 645, 3222, 3394, 0, 2
14792: 5924, 3216, 3394, 0, 2
14793: 522, 3219, 3416, 0, 4
14794: 5925, 3219, 3432, 0, 4
14795: 781, 3220, 3432, 0, 0
14788: 13727, 3208, 3433, 0, 0
14789: 11269, 3214, 3425, 0, 6
14790: 523, 3218, 3413, 0, 5
14791: 547, 3215, 3433, 0, 2
14784: 548, 3203, 3417, 0, 4
14785: 2778, 3204, 3419, 0, 0
14786: 552, 3206, 3399, 0, 4
14787: 11475, 3205, 3399, 0, 2
14813: 12345, 3244, 3398, 0, 4
10477: 967, 3330, 3240, 0, 4
14815: 553, 3251, 3418, 0, 4
25782: 13634, 3317, 3232, 0, 0
11909: 8088, 3313, 3208, 0, 0
14809: 12345, 3238, 3406, 0, 7
14808: 11, 3252, 3407, 0, 4
14810: 12347, 3239, 3404, 0, 0
14804: 5910, 3230, 3401, 0, 3
14807: 12345, 3232, 3400, 0, 6
14806: 5918, 3244, 3379, 0, 6
14801: 733, 3226, 3399, 0, 0
14800: 5909, 3224, 3402, 0, 6
14803: 549, 3232, 3439, 0, 5
14802: 2792, 3226, 3415, 0, 3
14779: 5917, 3201, 3402, 0, 4
14783: 359, 3204, 3433, 0, 0
14782: 546, 3201, 3435, 0, 0
14781: 551, 3205, 3398, 0, 6
14780: 9362, 3202, 3424, 0, 6
13256: 107, 3297, 3314, 0, 4
13257: 708, 3287, 3289, 0, 4
13258: 107, 3303, 3285, 0, 2
13259: 107, 3300, 3310, 0, 3
13260: 107, 3299, 3277, 0, 4
13261: 107, 3307, 3302, 0, 3
13262: 107, 3301, 3306, 0, 1
13263: 80, 3306, 3270, 0, 2
13252: 663, 3292, 3286, 0, 5
13253: 107, 3293, 3298, 0, 4
13254: 107, 3298, 3310, 0, 3
13255: 107, 3298, 3306, 0, 3
8361: 3330, 3132, 3509, 0, 2
8357: 8347, 3128, 3485, 0, 7
8356: 47, 3129, 3483, 0, 2
8359: 8468, 3131, 3484, 0, 6
8358: 47, 3131, 3489, 0, 6
1209: 8109, 3131, 3492, 0, 7
9497: 278, 3209, 3217, 0, 6
6813: 2816, 3302, 3193, 0, 7
6812: 16, 3276, 3188, 0, 4
6814: 544, 3316, 3164, 0, 0
6809: 496, 3267, 3169, 0, 6
6808: 497, 3267, 3168, 0, 6
9503: 11268, 3212, 3208, 0, 0
6811: 2824, 3275, 3193, 0, 6
9502: 3384, 3212, 3224, 0, 6
6810: 543, 3273, 3183, 0, 6
6805: 496, 3267, 3164, 0, 6
9488: 47, 3215, 3218, 0, 6
6804: 61, 3324, 3141, 0, 6
6807: 496, 3267, 3167, 0, 6
6806: 497, 3267, 3166, 0, 6
9493: 7890, 3207, 3227, 0, 2
6801: 61, 3322, 3141, 0, 6
6800: 524, 3312, 3180, 0, 0
6803: 61, 3316, 3142, 0, 2
6802: 5532, 3323, 3141, 0, 6
9480: 47, 3206, 3205, 0, 5
6796: 3, 3300, 3202, 0, 4
9481: 47, 3209, 3208, 0, 3
6797: 2817, 3306, 3196, 0, 4
9482: 47, 3206, 3208, 0, 0
6798: 542, 3316, 3176, 0, 5
6799: 525, 3316, 3178, 0, 0
9484: 47, 3210, 3205, 0, 3
6792: 18, 3300, 3167, 0, 0
9485: 47, 3204, 3214, 0, 7
6793: 18, 3303, 3174, 0, 6
9486: 47, 3214, 3209, 0, 6
6794: 18, 3303, 3175, 0, 6
9487: 47, 3216, 3205, 0, 5
6795: 923, 3297, 3163, 0, 2
6788: 18, 3292, 3169, 0, 0
6789: 2, 3295, 3198, 0, 0
6791: 2819, 3293, 3195, 0, 4
6784: 1, 3284, 3199, 0, 5
6785: 5282, 3286, 3180, 0, 6
6786: 18, 3288, 3168, 0, 0
6787: 541, 3287, 3187, 0, 0
9531: 29, 3233, 3233, 0, 2
2959: 7561, 3229, 3457, 0, 2
12165: 3418, 3148, 3503, 0, 0
9530: 155, 3234, 3213, 0, 3
2958: 2581, 3228, 3476, 0, 0
12164: 3293, 3148, 3477, 0, 0
12167: 2718, 3149, 3506, 0, 4
9528: 47, 3230, 3224, 0, 4
12166: 3416, 3149, 3480, 0, 4
2956: 2341, 3225, 3459, 0, 4
9535: 7883, 3233, 3207, 0, 4
2955: 13947, 3222, 3475, 0, 7
12161: 6525, 3184, 3492, 0, 2
2954: 648, 3219, 3475, 0, 2
12160: 6523, 3175, 3502, 0, 6
9533: 2238, 3225, 3223, 0, 6
12163: 2241, 3147, 3505, 0, 2
2953: 4710, 3225, 3472, 0, 6
9532: 7875, 3240, 3216, 0, 6
2952: 5919, 3217, 3461, 0, 0
12162: 1419, 3147, 3479, 0, 2
12173: 3293, 3180, 3503, 0, 0
2951: 5919, 3211, 3459, 0, 5
9522: 13608, 3225, 3235, 0, 0
12172: 3418, 3180, 3477, 0, 0
12175: 3416, 3181, 3506, 0, 4
2949: 189, 3212, 3476, 0, 2
12174: 2718, 3181, 3480, 0, 4
2948: 5920, 3216, 3470, 0, 4
12169: 2240, 3150, 3504, 0, 6
2947: 5919, 3212, 3462, 0, 0
9526: 7872, 3230, 3207, 0, 1
12168: 2593, 3150, 3478, 0, 6
2946: 5919, 3211, 3463, 0, 0
9525: 47, 3230, 3223, 0, 4
12171: 1419, 3179, 3505, 0, 2
2945: 647, 3207, 3494, 0, 2
9524: 519, 3228, 3203, 0, 0
12170: 2241, 3179, 3479, 0, 2
2944: 5853, 3208, 3496, 0, 2
9514: 47, 3211, 3216, 0, 4
9512: 708, 3204, 3222, 0, 5
2972: 708, 3178, 3492, 0, 5
9513: 6539, 3220, 3214, 0, 2
9518: 13613, 3224, 3235, 0, 6
12176: 2240, 3182, 3478, 0, 6
12177: 2593, 3182, 3504, 0, 6
9517: 8081, 3225, 3213, 0, 3
2966: 708, 3227, 3449, 0, 7
2967: 5919, 3245, 3501, 0, 2
2964: 4247, 3241, 3475, 0, 5
2965: 5919, 3240, 3495, 0, 1
2962: 708, 3233, 3492, 0, 6
6816: 545, 3322, 3194, 0, 0
2960: 3373, 3230, 3462, 0, 1
2961: 105, 3226, 3503, 0, 2
3459: 554, 3279, 3397, 0, 2
3458: 664, 3281, 3404, 0, 6
3457: 5919, 3282, 3423, 0, 4
3456: 5920, 3280, 3433, 0, 0
3462: 5942, 3295, 3427, 0, 5
3460: 1030, 3293, 3418, 0, 1
3467: 7276, 3304, 3408, 0, 2
9556: 46, 3245, 3224, 0, 5
3466: 7275, 3303, 3421, 0, 7
3465: 7311, 3303, 3440, 0, 6
3464: 6997, 3304, 3416, 0, 3
9549: 46, 3243, 3232, 0, 7
9550: 456, 3240, 3207, 0, 4
18775: 540, 3288, 3210, 0, 6
9545: 2693, 3246, 3228, 0, 5
18774: 2813, 3286, 3201, 0, 4
18773: 3809, 3284, 3212, 0, 0
9547: 46, 3246, 3228, 0, 6
9540: 6112, 3245, 3228, 0, 6
18779: 3, 3301, 3207, 0, 0
9541: 46, 3243, 3231, 0, 2
18778: 2812, 3300, 3227, 0, 0
9542: 2693, 3246, 3227, 0, 7
18777: 8707, 3292, 3212, 0, 4
9543: 6112, 3245, 3228, 0, 6
18776: 2811, 3291, 3208, 0, 6
22170: 6822, 3298, 3307, 0, 1
9536: 3777, 3236, 3227, 0, 6
18783: 1862, 3304, 3211, 0, 6
9537: 6706, 3237, 3214, 0, 2
18782: 2818, 3305, 3201, 0, 2
9538: 2244, 3238, 3219, 0, 2
18781: 9159, 3301, 3209, 0, 2
18780: 539, 3300, 3206, 0, 4
18784: 2810, 3309, 3208, 0, 4
18785: 7564, 3316, 3205, 0, 3
18786: 3670, 3318, 3238, 0, 2
18787: 47, 3316, 3255, 0, 2
18788: 16, 3292, 3203, 0, 0
18789: 957, 3313, 3241, 0, 2
9584: 46, 3247, 3221, 0, 2
9582: 6267, 3259, 3205, 0, 0
32356: 13971, 3210, 3437, 0, 4
32355: 13968, 3210, 3438, 0, 0
6685: 5919, 3203, 3381, 0, 4
6686: 641, 3207, 3390, 0, 2
6687: 5920, 3209, 3382, 0, 4
32390: 394, 3211, 3422, 0, 0
6707: 708, 3213, 3401, 0, 0
6714: 12348, 3252, 3356, 0, 6
3453: 5919, 3266, 3433, 0, 2
6694: 8874, 3226, 3374, 0, 2
3452: 2948, 3266, 3399, 0, 3
6693: 8871, 3227, 3376, 0, 6
3455: 5919, 3274, 3430, 0, 4
6692: 8871, 3225, 3368, 0, 4
3454: 595, 3271, 3411, 0, 0
6691: 8874, 3226, 3372, 0, 1
3449: 5937, 3267, 3444, 0, 0
6690: 8872, 3222, 3375, 0, 2
3448: 5936, 3266, 3445, 0, 0
6689: 8873, 3222, 3365, 0, 7
3451: 2943, 3268, 3399, 0, 5
6688: 5919, 3211, 3378, 0, 1
3450: 732, 3267, 3394, 0, 4
6701: 8872, 3230, 3370, 0, 1
6700: 8871, 3232, 3367, 0, 7
6699: 5926, 3238, 3387, 0, 0
6698: 8873, 3230, 3375, 0, 1
6697: 8873, 3229, 3365, 0, 1
6696: 8872, 3229, 3364, 0, 4
12155: 6524, 3155, 3502, 0, 2
12154: 3463, 3145, 3472, 0, 6
6720: 2260, 3258, 3385, 0, 2
12159: 6526, 3175, 3482, 0, 6
12158: 6527, 3165, 3482, 0, 2
12157: 6522, 3165, 3469, 0, 2
12156: 6521, 3164, 3475, 0, 2
2939: 8174, 3201, 3478, 0, 2
2938: 15, 3202, 3485, 0, 3
2941: 5919, 3201, 3493, 0, 2
2940: 9359, 3205, 3470, 0, 6
2943: 5919, 3212, 3460, 0, 0
2942: 15, 3204, 3488, 0, 4
6774: 2897, 3270, 3158, 0, 2
6775: 8079, 3279, 3168, 0, 4
15448: 3264, 3314, 3379, 0, 4
6773: 330, 3275, 3140, 0, 0
6778: 9709, 3275, 3175, 0, 6
13518: 3805, 3209, 3495, 0, 2
15446: 106, 3293, 3350, 0, 5
15447: 2091, 3301, 3379, 0, 6
6776: 2809, 3276, 3168, 0, 5
15444: 89, 3294, 3339, 0, 4
6777: 330, 3278, 3138, 0, 0
15445: 8701, 3289, 3339, 0, 0
6782: 18, 3283, 3171, 0, 0
15442: 3680, 3285, 3327, 0, 7
6783: 18, 3285, 3173, 0, 7
15443: 343, 3284, 3382, 0, 0
6780: 107, 3290, 3147, 0, 3
15440: 342, 3282, 3381, 0, 6
6781: 18, 3282, 3176, 0, 2
15441: 89, 3284, 3362, 0, 5
15438: 337, 3272, 3389, 0, 0
1443: 4908, 3240, 3147, 0, 0
15437: 339, 3271, 3388, 0, 0
15436: 341, 3269, 3389, 0, 1
1445: 4908, 3246, 3156, 0, 0
1444: 4908, 3241, 3148, 0, 0
1447: 9633, 3244, 3198, 0, 0
1446: 9632, 3244, 3198, 0, 3
15432: 8829, 3266, 3382, 0, 7
1449: 4908, 3242, 3148, 0, 0
1448: 4908, 3248, 3161, 0, 0
15430: 2091, 3268, 3385, 0, 1
1450: 9708, 3254, 3170, 0, 5
