35,1
48,2
50,3
54,4
56,5
58,6
60,7
62,8
64,9
66,10
68,11
70,12
72,13
74,14
75,15
86,16
87,17
88,18
89,19
229,20
272,21
278,22
284,23
285,24
295,25
301,26
303,27
305,28
307,29
309,30
311,31
314,32
411,33
413,34
421,35
426,36
428,37
430,38
466,39
468,40
470,41
472,42
474,43
476,44
478,45
492,46
494,47
496,48
498,49
500,50
502,51
504,52
506,53
538,54
540,55
542,56
544,57
546,58
548,59
552,60
577,61
579,62
581,63
583,64
585,65
589,66
590,67
616,68
626,69
628,70
630,71
632,72
634,73
636,74
638,75
640,76
642,77
644,78
646,79
648,80
650,81
652,82
654,83
656,84
658,85
660,86
662,87
664,88
667,89
675,90
677,91
717,92
718,93
719,94
727,95
728,96
731,97
732,98
740,99
746,100
747,101
751,102
767,103
772,104
774,105
775,106
776,107
777,108
778,109
796,110
797,111
798,112
800,113
801,114
802,115
803,116
804,117
805,118
806,119
807,120
808,121
809,122
810,123
811,124
812,125
813,126
814,127
815,128
816,129
817,130
818,131
825,132
826,133
827,134
828,135
829,136
830,137
831,138
832,139
833,140
834,141
835,142
836,143
837,144
839,145
841,146
843,147
845,148
847,149
849,150
851,151
853,152
855,153
857,154
859,155
861,156
863,157
864,158
865,159
866,160
867,161
868,162
869,163
870,164
871,165
872,166
873,167
874,168
875,169
876,170
945,171
946,172
952,173
954,174
970,175
972,176
973,177
975,178
1005,179
1007,180
1009,181
1011,182
1013,183
1015,184
1017,185
1019,186
1021,187
1023,188
1025,189
1027,190
1029,191
1031,192
1033,193
1035,194
1037,195
1038,196
1040,197
1042,198
1044,199
1046,200
1048,201
1050,202
1052,203
1053,204
1055,205
1057,206
1059,207
1061,208
1063,209
1065,210
1067,211
1069,212
1071,213
1073,214
1075,215
1077,216
1079,217
1081,218
1083,219
1085,220
1087,221
1089,222
1091,223
1093,224
1095,225
1097,226
1099,227
1101,228
1103,229
1105,230
1107,231
1109,232
1111,233
1113,234
1115,235
1117,236
1119,237
1121,238
1123,239
1125,240
1127,241
1129,242
1131,243
1133,244
1135,245
1137,246
1139,247
1141,248
1143,249
1145,250
1147,251
1149,252
1151,253
1153,254
1155,255
1157,256
1159,257
1161,258
1163,259
1165,260
1167,261
1169,262
1171,263
1173,264
1175,265
1177,266
1179,267
1181,268
1183,269
1185,270
1187,271
1189,272
1191,273
1193,274
1195,275
1197,276
1199,277
1201,278
1203,279
1205,280
1207,281
1209,282
1211,283
1213,284
1215,285
1217,286
1219,287
1221,288
1223,289
1225,290
1227,291
1229,292
1231,293
1233,294
1235,295
1237,296
1239,297
1241,298
1243,299
1245,300
1247,301
1249,302
1251,303
1253,304
1255,305
1257,306
1259,307
1261,308
1263,309
1265,310
1267,311
1269,312
1271,313
1273,314
1275,315
1277,316
1279,317
1281,318
1283,319
1285,320
1287,321
1289,322
1291,323
1293,324
1295,325
1297,326
1299,327
1301,328
1303,329
1305,330
1307,331
1309,332
1311,333
1313,334
1315,335
1317,336
1319,337
1321,338
1323,339
1325,340
1327,341
1329,342
1331,343
1333,344
1335,345
1337,346
1339,347
1341,348
1343,349
1345,350
1347,351
1349,352
1351,353
1353,354
1355,355
1357,356
1359,357
1361,358
1363,359
1365,360
1367,361
1369,362
1371,363
1373,364
1375,365
1377,366
1379,367
1381,368
1383,369
1385,370
1387,371
1389,372
1391,373
1393,374
1395,375
1397,376
1399,377
1401,378
1403,379
1405,380
1407,381
1409,382
1419,383
1420,384
1422,385
1424,386
1426,387
1428,388
1430,389
1432,390
1434,391
1478,392
1495,393
1506,394
1511,395
1513,396
1540,397
1549,398
1554,399
1575,400
1580,401
1601,402
1603,403
1605,404
1607,405
1609,406
1611,407
1613,408
1615,409
1654,410
1656,411
1658,412
1660,413
1662,414
1664,415
1692,416
1694,417
1696,418
1698,419
1700,420
1702,421
1704,422
1706,423
1708,424
1710,425
1712,426
1716,427
1718,428
1722,429
1724,430
1725,431
1727,432
1729,433
1731,434
1733,435
1735,436
1741,437
1757,438
1785,439
1796,440
1797,441
1833,442
1835,443
1837,444
1844,445
1845,446
1846,447
1917,448
1919,449
1925,450
1927,451
1929,452
1931,453
1949,454
1963,455
1973,456
2347,457
2395,458
2402,459
2405,460
2406,461
2412,462
2413,463
2414,464
2415,465
2416,466
2417,467
2460,468
2462,469
2464,470
2466,471
2468,472
2470,473
2472,474
2474,475
2476,476
2487,477
2489,478
2491,479
2493,480
2495,481
2497,482
2499,483
2501,484
2503,485
2520,486
2522,487
2524,488
2526,489
2577,490
2579,491
2581,492
2583,493
2585,494
2587,495
2589,496
2591,497
2593,498
2595,499
2597,500
2599,501
2601,502
2603,503
2605,504
2607,505
2609,506
2611,507
2613,508
2615,509
2617,510
2619,511
2621,512
2623,513
2625,514
2627,515
2629,516
2631,517
2633,518
2635,519
2637,520
2639,521
2641,522
2643,523
2645,524
2647,525
2649,526
2651,527
2653,528
2655,529
2657,530
2659,531
2661,532
2663,533
2665,534
2667,535
2669,536
2671,537
2673,538
2675,539
2883,540
2888,541
2889,542
2890,543
2894,544
2896,545
2898,546
2900,547
2902,548
2904,549
2906,550
2908,551
2910,552
2912,553
2914,554
2916,555
2918,556
2920,557
2922,558
2924,559
2926,560
2928,561
2930,562
2932,563
2934,564
2936,565
2938,566
2940,567
2942,568
2946,569
2949,570
2952,571
2961,572
2963,573
2968,574
2969,575
2978,576
2979,577
2980,578
2981,579
2982,580
2983,581
2984,582
2985,583
2986,584
2987,585
2988,586
2989,587
2990,588
2991,589
2992,590
2993,591
2994,592
2995,593
2997,594
3053,595
3054,596
3057,597
3058,598
3059,599
3060,600
3061,601
3093,602
3094,603
3095,604
3096,605
3097,606
3098,607
3099,608
3100,609
3101,610
3105,611
3107,612
3122,613
3140,614
3157,615
3159,616
3164,617
3170,618
3171,619
3172,620
3173,621
3174,622
3175,623
3176,624
3177,625
3190,626
3192,627
3194,628
3196,629
3198,630
3200,631
3202,632
3204,633
3208,634
3327,635
3329,636
3331,637
3333,638
3335,639
3337,640
3339,641
3341,642
3343,643
3385,644
3387,645
3389,646
3391,647
3393,648
3472,649
3473,650
3474,651
3475,652
3476,653
3477,654
3478,655
3479,656
3480,657
3481,658
3483,659
3485,660
3486,661
3488,662
3688,663
3689,664
3690,665
3691,666
3695,667
3711,668
3748,669
3749,670
3751,671
3753,672
3755,673
3757,674
3758,675
3759,676
3761,677
3763,678
3765,679
3767,680
3769,681
3771,682
3773,683
3775,684
3777,685
3779,686
3781,687
3783,688
3785,689
3787,690
3789,691
3791,692
3793,693
3795,694
3797,695
3799,696
3801,697
3803,698
3839,699
3840,700
3841,701
3842,702
3843,703
3844,704
3850,705
3853,706
3855,707
3857,708
3859,709
3861,710
3863,711
3865,712
3867,713
3893,714
3899,715
4021,716
4035,717
4037,718
4039,719
4041,720
4042,721
4068,722
4069,723
4070,724
4071,725
4072,726
4073,727
4080,728
4081,729
4083,730
4084,731
4085,732
4086,733
4087,734
4089,735
4091,736
4093,737
4095,738
4097,739
4099,740
4101,741
4103,742
4105,743
4107,744
4109,745
4111,746
4113,747
4115,748
4117,749
4119,750
4121,751
4123,752
4125,753
4127,754
4129,755
4131,756
4151,757
4153,758
4155,759
4156,760
4158,761
4159,762
4161,763
4162,764
4164,765
4166,766
4168,767
4170,768
4181,769
4193,770
4212,771
4214,772
4215,773
4216,774
4217,775
4218,776
4219,777
4220,778
4221,779
4222,780
4223,781
4224,782
4225,783
4226,784
4227,785
4228,786
4229,787
4230,788
4231,789
4232,790
4233,791
4234,792
4236,793
4250,794
4251,795
4298,796
4300,797
4302,798
4304,799
4306,800
4308,801
4310,802
4315,803
4317,804
4319,805
4321,806
4323,807
4325,808
4327,809
4329,810
4331,811
4333,812
4335,813
4337,814
4339,815
4341,816
4343,817
4345,818
4347,819
4349,820
4351,821
4353,822
4355,823
4357,824
4359,825
4361,826
4363,827
4365,828
4367,829
4369,830
4371,831
4373,832
4375,833
4377,834
4379,835
4381,836
4383,837
4385,838
4387,839
4389,840
4391,841
4393,842
4395,843
4397,844
4399,845
4401,846
4403,847
4405,848
4407,849
4409,850
4411,851
4413,852
4435,853
4498,854
4500,855
4501,856
4502,857
4503,858
4504,859
4505,860
4506,861
4507,862
4508,863
4509,864
4510,865
4511,866
4512,867
4513,868
4514,869
4515,870
4516,871
4551,872
4565,873
4566,874
4567,875
4580,876
4582,877
4584,878
4585,879
4587,880
4599,881
4600,882
4605,883
4611,884
4613,885
4614,886
4675,887
4677,888
4692,889
4704,890
4705,891
4708,892
4710,893
4712,894
4714,895
4716,896
4718,897
4720,898
4722,899
4724,900
4726,901
4728,902
4730,903
4732,904
4734,905
4736,906
4738,907
4745,908
4747,909
4749,910
4751,911
4753,912
4755,913
4757,914
4759,915
4809,916
4814,917
4815,918
4816,919
4817,920
4827,921
4829,922
4837,923
4856,924
4857,925
4858,926
4859,927
4860,928
4862,929
4863,930
4864,931
4865,932
4866,933
4868,934
4869,935
4870,936
4871,937
4872,938
4874,939
4875,940
4876,941
4877,942
4878,943
4880,944
4881,945
4882,946
4883,947
4884,948
4886,949
4887,950
4888,951
4889,952
4890,953
4892,954
4893,955
4894,956
4895,957
4896,958
4898,959
4899,960
4900,961
4901,962
4902,963
4904,964
4905,965
4906,966
4907,967
4908,968
4910,969
4911,970
4912,971
4913,972
4914,973
4916,974
4917,975
4918,976
4919,977
4920,978
4922,979
4923,980
4924,981
4925,982
4926,983
4928,984
4929,985
4930,986
4931,987
4932,988
4934,989
4935,990
4936,991
4937,992
4938,993
4940,994
4941,995
4942,996
4943,997
4944,998
4946,999
4947,1000
4948,1001
4949,1002
4950,1003
4952,1004
4953,1005
4954,1006
4955,1007
4956,1008
4958,1009
4959,1010
4960,1011
4961,1012
4962,1013
4964,1014
4965,1015
4966,1016
4967,1017
4968,1018
4970,1019
4971,1020
4972,1021
4973,1022
4974,1023
4976,1024
4977,1025
4978,1026
4979,1027
4980,1028
4982,1029
4983,1030
4984,1031
4985,1032
4986,1033
4988,1034
4989,1035
4990,1036
4991,1037
4992,1038
4994,1039
4995,1040
4996,1041
4997,1042
4998,1043
5013,1044
5014,1045
5016,1046
5018,1047
5024,1048
5026,1049
5028,1050
5030,1051
5032,1052
5034,1053
5036,1054
5038,1055
5040,1056
5042,1057
5044,1058
5046,1059
5048,1060
5050,1061
5052,1062
5060,1063
5061,1064
5325,1065
5329,1066
5331,1067
5333,1068
5334,1069
5335,1070
5336,1071
5337,1072
5338,1073
5339,1074
5340,1075
5341,1076
5343,1077
5345,1078
5350,1079
5521,1080
5525,1081
5527,1082
5529,1083
5531,1084
5533,1085
5535,1086
5537,1087
5539,1088
5541,1089
5543,1090
5545,1091
5547,1092
5549,1093
5551,1094
5553,1095
5554,1096
5555,1097
5556,1098
5557,1099
5560,1100
5561,1101
5574,1102
5575,1103
5576,1104
5603,1105
5607,1106
5608,1107
5609,1108
5614,1109
5628,1110
5629,1111
5630,1112
5631,1113
5632,1114
5633,1115
5634,1116
5635,1117
5636,1118
5637,1119
5638,1120
5639,1121
5640,1122
5641,1123
5642,1124
5643,1125
5644,1126
5645,1127
5646,1128
5647,1129
5648,1130
5649,1131
5650,1132
5651,1133
5652,1134
5653,1135
5654,1136
5655,1137
5656,1138
5657,1139
5658,1140
5659,1141
5660,1142
5661,1143
5662,1144
5663,1145
5664,1146
5665,1147
5666,1148
5667,1149
5668,1150
5670,1151
5672,1152
5674,1153
5676,1154
5678,1155
5680,1156
5682,1157
5684,1158
5686,1159
5688,1160
5690,1161
5692,1162
5694,1163
5696,1164
5698,1165
5700,1166
5702,1167
5704,1168
5706,1169
5708,1170
5710,1171
5712,1172
5714,1173
5716,1174
5718,1175
5720,1176
5722,1177
5724,1178
5726,1179
5728,1180
5730,1181
5732,1182
5734,1183
5736,1184
5769,1185
5771,1186
5982,1187
6036,1188
6040,1189
6041,1190
6065,1191
6067,1192
6068,1193
6069,1194
6070,1195
6082,1196
6106,1197
6107,1198
6108,1199
6109,1200
6110,1201
6111,1202
6122,1203
6123,1204
6125,1205
6126,1206
6127,1207
6128,1208
6129,1209
6130,1210
6131,1211
6133,1212
6135,1213
6137,1214
6139,1215
6141,1216
6143,1217
6145,1218
6147,1219
6149,1220
6151,1221
6153,1222
6180,1223
6181,1224
6182,1225
6184,1226
6185,1227
6186,1228
6187,1229
6188,1230
6208,1231
6209,1232
6215,1233
6217,1234
6219,1235
6221,1236
6223,1237
6225,1238
6227,1239
6229,1240
6231,1241
6233,1242
6235,1243
6237,1244
6239,1245
6241,1246
6243,1247
6245,1248
6247,1249
6249,1250
6251,1251
6253,1252
6255,1253
6257,1254
6259,1255
6261,1256
6263,1257
6265,1258
6267,1259
6269,1260
6271,1261
6273,1262
6275,1263
6277,1264
6279,1265
6281,1266
6283,1267
6285,1268
6313,1269
6315,1270
6317,1271
6322,1272
6324,1273
6326,1274
6328,1275
6330,1276
6335,1277
6337,1278
6339,1279
6341,1280
6343,1281
6345,1282
6347,1283
6349,1284
6351,1285
6353,1286
6355,1287
6357,1288
6359,1289
6361,1290
6363,1291
6365,1292
6367,1293
6369,1294
6371,1295
6373,1296
6375,1297
6377,1298
6379,1299
6382,1300
6384,1301
6386,1302
6388,1303
6390,1304
6392,1305
6394,1306
6396,1307
6398,1308
6400,1309
6402,1310
6404,1311
6406,1312
6408,1313
6410,1314
6412,1315
6414,1316
6416,1317
6418,1318
6420,1319
6448,1320
6449,1321
6451,1322
6468,1323
6470,1324
6472,1325
6474,1326
6476,1327
6522,1328
6523,1329
6524,1330
6525,1331
6526,1332
6527,1333
6528,1334
6541,1335
6544,1336
6547,1337
6548,1338
6562,1339
6563,1340
6568,1341
6570,1342
6573,1343
6577,1344
6581,1345
6585,1346
6587,1347
6589,1348
6591,1349
6593,1350
6595,1351
6597,1352
6599,1353
6601,1354
6603,1355
6605,1356
6607,1357
6609,1358
6611,1359
6613,1360
6615,1361
6617,1362
6619,1363
6621,1364
6623,1365
6625,1366
6627,1367
6629,1368
6631,1369
6633,1370
6635,1371
6654,1372
6655,1373
6656,1374
6657,1375
6658,1376
6659,1377
6664,1378
6665,1379
6666,1380
6670,1381
6671,1382
6672,1383
6673,1384
6707,1385
6713,1386
6714,1387
6720,1388
6721,1389
6722,1390
6724,1391
6739,1392
6741,1393
6745,1394
6746,1395
6748,1396
6750,1397
6752,1398
6754,1399
6760,1400
6762,1401
6764,1402
6772,1403
6773,1404
6774,1405
6775,1406
6776,1407
6777,1408
6778,1409
6779,1410
6786,1411
6787,1412
6788,1413
6789,1414
6790,1415
6809,1416
6817,1417
6818,1418
6856,1419
6857,1420
6858,1421
6859,1422
6860,1423
6861,1424
6862,1425
6863,1426
6864,1427
6885,1428
6886,1429
6887,1430
6889,1431
6908,1432
6910,1433
6912,1434
6914,1435
6916,1436
6918,1437
6920,1438
6922,1439
6924,1440
6956,1441
6959,1442
6983,1443
7003,1444
7004,1445
7051,1446
7053,1447
7110,1448
7112,1449
7114,1450
7116,1451
7118,1452
7119,1453
7120,1454
7121,1455
7122,1456
7124,1457
7126,1458
7128,1459
7130,1460
7132,1461
7134,1462
7136,1463
7138,1464
7140,1465
7141,1466
7142,1467
7158,1468
7159,1469
7170,1470
7319,1471
7321,1472
7323,1473
7325,1474
7327,1475
7332,1476
7334,1477
7336,1478
7338,1479
7340,1480
7342,1481
7344,1482
7346,1483
7348,1484
7350,1485
7352,1486
7354,1487
7356,1488
7358,1489
7360,1490
7362,1491
7364,1492
7366,1493
7368,1494
7370,1495
7372,1496
7374,1497
7376,1498
7378,1499
7380,1500
7382,1501
7384,1502
7386,1503
7388,1504
7390,1505
7392,1506
7394,1507
7396,1508
7398,1509
7399,1510
7400,1511
7404,1512
7405,1513
7406,1514
7409,1515
7410,1516
7412,1517
7414,1518
7421,1519
7422,1520
7423,1521
7424,1522
7425,1523
7426,1524
7427,1525
7428,1526
7429,1527
7430,1528
7431,1529
7433,1530
7435,1531
7437,1532
7439,1533
7441,1534
7443,1535
7445,1536
7447,1537
7449,1538
7451,1539
7453,1540
7454,1541
7455,1542
7456,1543
7457,1544
7458,1545
7459,1546
7460,1547
7461,1548
7462,1549
7475,1550
7509,1551
7534,1552
7535,1553
7537,1554
7539,1555
7572,1556
7592,1557
7593,1558
7594,1559
7595,1560
7596,1561
7637,1562
7639,1563
7640,1564
7641,1565
7642,1566
7643,1567
7644,1568
7645,1569
7646,1570
7647,1571
7648,1572
7668,1573
7671,1574
7673,1575
7675,1576
7676,1577
7679,1578
7682,1579
7684,1580
7686,1581
7688,1582
7690,1583
7691,1584
7728,1585
7730,1586
7731,1587
7732,1588
7733,1589
7734,1590
7735,1591
7736,1592
7737,1593
7740,1594
7742,1595
7744,1596
7746,1597
7748,1598
7750,1599
7752,1600
7754,1601
7756,1602
7758,1603
7773,1604
7777,1605
7778,1606
7803,1607
7804,1608
7806,1609
7807,1610
7808,1611
7809,1612
7917,1613
7918,1614
7952,1615
8464,1616
8466,1617
8468,1618
8470,1619
8472,1620
8474,1621
8476,1622
8478,1623
8480,1624
8482,1625
8484,1626
8486,1627
8488,1628
8490,1629
8492,1630
8494,1631
8650,1632
8652,1633
8654,1634
8656,1635
8658,1636
8660,1637
8662,1638
8664,1639
8666,1640
8668,1641
8670,1642
8672,1643
8674,1644
8676,1645
8678,1646
8680,1647
8682,1648
8684,1649
8686,1650
8688,1651
8690,1652
8692,1653
8694,1654
8696,1655
8698,1656
8700,1657
8702,1658
8704,1659
8706,1660
8708,1661
8710,1662
8712,1663
8714,1664
8716,1665
8718,1666
8720,1667
8722,1668
8724,1669
8726,1670
8728,1671
8730,1672
8732,1673
8734,1674
8736,1675
8738,1676
8740,1677
8742,1678
8744,1679
8746,1680
8748,1681
8750,1682
8752,1683
8754,1684
8756,1685
8758,1686
8760,1687
8762,1688
8764,1689
8766,1690
8768,1691
8770,1692
8772,1693
8774,1694
8776,1695
8794,1696
8798,1697
8799,1698
8800,1699
8801,1700
8802,1701
8803,1702
8804,1703
8805,1704
8806,1705
8807,1706
8808,1707
8809,1708
8810,1709
8811,1710
8812,1711
8813,1712
8814,1713
8815,1714
8816,1715
8817,1716
8818,1717
8819,1718
8820,1719
8821,1720
8822,1721
8823,1722
8824,1723
8825,1724
8826,1725
8827,1726
8829,1727
8830,1728
8831,1729
8832,1730
8833,1731
8834,1732
8835,1733
8839,1734
8840,1735
8841,1736
8842,1737
8844,1738
8845,1739
8846,1740
8847,1741
8848,1742
8849,1743
8850,1744
8856,1745
8857,1746
8858,1747
8859,1748
8860,1749
8861,1750
8862,1751
8863,1752
8864,1753
8871,1754
8872,1755
8874,1756
8876,1757
8878,1758
8880,1759
8901,1760
8903,1761
8905,1762
8907,1763
8909,1764
8911,1765
8913,1766
8915,1767
8917,1768
8919,1769
8921,1770
8923,1771
8924,1772
8925,1773
8926,1774
8927,1775
8928,1776
8929,1777
8940,1778
8941,1779
8949,1780
8950,1781
8952,1782
8953,1783
8954,1784
8955,1785
8956,1786
8957,1787
8958,1788
8959,1789
8960,1790
8961,1791
8962,1792
8963,1793
8964,1794
8965,1795
8966,1796
8967,1797
8968,1798
8969,1799
8970,1800
8971,1801
8986,1802
8987,1803
8991,1804
8992,1805
8993,1806
8994,1807
8995,1808
8996,1809
8997,1810
9005,1811
9006,1812
9013,1813
9020,1814
9044,1815
9046,1816
9048,1817
9050,1818
9060,1819
9061,1820
9062,1821
9063,1822
9065,1823
9068,1824
9069,1825
9070,1826
9071,1827
9072,1828
9073,1829
9074,1830
9083,1831
9084,1832
9085,1833
9086,1834
9087,1835
9088,1836
9089,1837
9090,1838
9091,1839
9092,1840
9093,1841
9096,1842
9097,1843
9098,1844
9099,1845
9100,1846
9101,1847
9102,1848
9103,1849
9106,1850
9138,1851
9174,1852
9176,1853
9177,1854
9179,1855
9181,1856
9183,1857
9185,1858
9420,1859
9422,1860
9423,1861
9425,1862
9427,1863
9429,1864
9431,1865
9440,1866
9442,1867
9444,1868
9446,1869
9448,1870
9450,1871
9452,1872
9454,1873
9456,1874
9457,1875
9459,1876
9461,1877
9463,1878
9465,1879
9470,1880
9472,1881
9590,1882
9625,1883
9629,1884
9631,1885
9634,1886
9636,1887
9638,1888
9640,1889
9642,1890
9644,1891
9646,1892
9647,1893
9648,1894
9660,1895
9665,1896
9672,1897
9674,1898
9676,1899
9678,1900
9681,1901
9702,1902
9703,1903
9704,1904
9705,1905
9729,1906
9731,1907
9733,1908
9747,1909
9748,1910
9749,1911
9750,1912
9751,1913
9752,1914
9753,1915
9754,1916
9755,1917
9756,1918
9757,1919
9758,1920
9759,1921
9760,1922
9761,1923
9762,1924
9763,1925
9764,1926
9765,1927
9766,1928
9767,1929
9768,1930
9769,1931
9770,1932
9771,1933
9772,1934
9773,1935
9774,1936
9775,1937
9776,1938
9777,1939
9778,1940
9779,1941
9780,1942
9781,1943
9782,1944
9783,1945
9784,1946
9785,1947
9786,1948
9787,1949
9788,1950
9789,1951
9790,1952
9791,1953
9792,1954
9793,1955
9794,1956
9795,1957
9796,1958
9797,1959
9798,1960
9799,1961
9800,1962
9801,1963
9802,1964
9803,1965
9804,1966
9805,1967
9806,1968
9807,1969
9808,1970
9809,1971
9810,1972
9811,1973
9812,1974
9813,1975
9814,1976
9815,1977
9816,1978
9893,1979
9894,1980
9895,1981
9896,1982
9897,1983
9898,1984
9899,1985
9905,1986
9906,1987
9907,1988
9908,1989
9909,1990
9910,1991
9911,1992
9912,1993
9913,1994
9914,1995
9915,1996
9916,1997
9917,1998
9918,1999
9920,2000
9921,2001
9922,2002
9923,2003
9924,2004
9925,2005
9926,2006
9927,2007
9928,2008
9929,2009
9930,2010
9931,2011
9943,2012
9944,2013
9945,2014
9946,2015
9948,2016
9949,2017
9950,2018
10010,2019
10022,2020
10023,2021
10024,2022
10029,2023
10033,2024
10034,2025
10035,2026
10037,2027
10039,2028
10041,2029
10043,2030
10045,2031
10047,2032
10049,2033
10051,2034
10053,2035
10055,2036
10057,2037
10059,2038
10061,2039
10063,2040
10065,2041
10067,2042
10069,2043
10071,2044
10073,2045
10074,2046
10075,2047
10077,2048
10079,2049
10081,2050
10083,2051
10085,2052
10129,2053
10131,2054
10132,2055
10146,2056
10147,2057
10148,2058
10149,2059
10150,2060
10152,2061
10153,2062
10154,2063
10155,2064
10156,2065
10164,2066
10171,2067
10172,2068
10280,2069
10282,2070
10284,2071
10286,2072
10288,2073
10290,2074
10292,2075
10294,2076
10296,2077
10298,2078
10300,2079
10302,2080
10304,2081
10306,2082
10308,2083
10310,2084
10312,2085
10314,2086
10316,2087
10318,2088
10320,2089
10322,2090
10324,2091
10330,2092
10332,2093
10334,2094
10336,2095
10338,2096
10340,2097
10342,2098
10344,2099
10346,2100
10348,2101
10350,2102
10352,2103
10354,2104
10356,2105
10358,2106
10360,2107
10362,2108
10364,2109
10366,2110
10368,2111
10370,2112
10372,2113
10374,2114
10376,2115
10378,2116
10380,2117
10382,2118
10384,2119
10386,2120
10388,2121
10390,2122
10392,2123
10394,2124
10396,2125
10398,2126
10400,2127
10402,2128
10404,2129
10406,2130
10408,2131
10410,2132
10412,2133
10414,2134
10416,2135
10418,2136
10420,2137
10422,2138
10424,2139
10426,2140
10428,2141
10430,2142
10432,2143
10434,2144
10436,2145
10438,2146
10440,2147
10442,2148
10444,2149
10446,2150
10448,2151
10450,2152
10452,2153
10454,2154
10456,2155
10458,2156
10460,2157
10462,2158
10464,2159
10466,2160
10468,2161
10470,2162
10472,2163
10474,2164
10484,2165
10485,2166
10487,2167
10488,2168
10491,2169
10498,2170
10499,2171
10500,2172
10501,2173
10507,2174
10509,2175
10544,2176
10547,2177
10548,2178
10549,2179
10550,2180
10551,2181
10552,2182
10553,2183
10554,2184
10555,2185
10556,2186
10557,2187
10558,2188
10559,2189
10564,2190
10566,2191
10567,2192
10569,2193
10571,2194
10573,2195
10575,2196
10577,2197
10579,2198
10581,2199
10582,2200
10583,2201
10584,2202
10588,2203
10589,2204
10601,2205
10602,2206
10603,2207
10604,2208
10605,2209
10606,2210
10607,2211
10608,2212
10609,2213
10610,2214
10611,2215
10612,2216
10613,2217
10614,2218
10615,2219
10616,2220
10617,2221
10618,2222
10619,2223
10620,2224
10621,2225
10622,2226
10623,2227
10624,2228
10625,2229
10626,2230
10627,2231
10628,2232
10629,2233
10630,2234
10631,2235
10632,2236
10633,2237
10634,2238
10635,2239
10636,2240
10637,2241
10638,2242
10639,2243
10640,2244
10641,2245
10642,2246
10643,2247
10644,2248
10645,2249
10646,2250
10647,2251
10648,2252
10649,2253
10650,2254
10651,2255
10652,2256
10653,2257
10654,2258
10655,2259
10656,2260
10657,2261
10658,2262
10659,2263
10660,2264
10661,2265
10662,2266
10663,2267
10664,2268
10665,2269
10666,2270
10667,2271
10668,2272
10669,2273
10670,2274
10671,2275
10672,2276
10673,2277
10674,2278
10675,2279
10676,2280
10677,2281
10678,2282
10679,2283
10680,2284
10681,2285
10682,2286
10683,2287
10684,2288
10685,2289
10686,2290
10687,2291
10688,2292
10689,2293
10690,2294
10691,2295
10692,2296
10693,2297
10694,2298
10695,2299
10696,2300
10697,2301
10698,2302
10699,2303
10700,2304
10701,2305
10702,2306
10703,2307
10704,2308
10705,2309
10706,2310
10707,2311
10708,2312
10709,2313
10710,2314
10711,2315
10712,2316
10713,2317
10714,2318
10715,2319
10716,2320
10717,2321
10718,2322
10719,2323
10720,2324
10721,2325
10723,2326
10724,2327
10725,2328
10726,2329
10727,2330
10728,2331
10731,2332
10732,2333
10734,2334
10735,2335
10736,2336
10738,2337
10740,2338
10742,2339
10744,2340
10746,2341
10748,2342
10750,2343
10752,2344
10754,2345
10756,2346
10758,2347
10760,2348
10762,2349
10764,2350
10766,2351
10768,2352
10770,2353
10772,2354
10774,2355
10776,2356
10778,2357
10780,2358
10782,2359
10784,2360
10786,2361
10788,2362
10790,2363
10792,2364
10794,2365
10796,2366
10798,2367
10800,2368
10802,2369
10804,2370
10806,2371
10810,2372
10822,2373
10824,2374
10826,2375
10828,2376
10836,2377
10837,2378
10838,2379
10839,2380
10840,2381
10841,2382
10842,2383
10857,2384
10858,2385
10860,2386
10861,2387
10862,2388
10863,2389
10864,2390
10865,2391
10877,2392
10878,2393
10879,2394
10880,2395
10881,2396
10882,2397
10883,2398
10886,2399
10887,2400
10933,2401
10939,2402
10940,2403
10941,2404
10945,2405
10952,2406
10954,2407
10956,2408
10958,2409
11012,2410
11013,2411
11016,2412
11017,2413
11018,2414
11019,2415
11020,2416
11021,2417
11022,2418
11027,2419
11028,2420
11029,2421
11030,2422
11037,2423
11046,2424
11061,2425
11063,2426
11068,2427
11069,2428
11071,2429
11072,2430
11074,2431
11076,2432
11078,2433
11079,2434
11081,2435
11083,2436
11085,2437
11087,2438
11088,2439
11090,2440
11092,2441
11094,2442
11095,2443
11097,2444
11099,2445
11101,2446
11103,2447
11105,2448
11107,2449
11109,2450
11111,2451
11113,2452
11115,2453
11117,2454
11118,2455
11120,2456
11122,2457
11124,2458
11126,2459
11128,2460
11130,2461
11132,2462
11133,2463
11135,2464
11136,2465
11138,2466
11140,2467
11151,2468
11152,2469
11153,2470
11154,2471
11165,2472
11167,2473
11190,2474
11191,2475
11192,2476
11193,2477
11194,2478
11195,2479
11200,2480
11204,2481
11230,2482
11231,2483
11233,2484
11234,2485
11235,2486
11259,2487
11274,2488
11277,2489
11278,2490
11279,2491
11280,2492
11282,2493
11283,2494
11284,2495
11288,2496
11289,2497
11290,2498
11291,2499
11292,2500
11293,2501
11294,2502
11295,2503
11296,2504
11297,2505
11298,2506
11299,2507
11300,2508
11301,2509
11302,2510
11303,2511
11304,2512
11305,2513
11306,2514
11307,2515
11308,2516
11309,2517
11310,2518
11311,2519
11312,2520
11313,2521
11314,2522
11315,2523
11316,2524
11317,2525
11318,2526
11319,2527
11320,2528
11321,2529
11322,2530
11323,2531
11335,2532
11367,2533
11369,2534
11371,2535
11373,2536
11375,2537
11377,2538
11379,2539
11381,2540
11382,2541
11384,2542
11386,2543
11388,2544
11389,2545
11391,2546
11393,2547
11395,2548
11396,2549
11398,2550
11400,2551
11402,2552
11403,2553
11405,2554
11407,2555
11409,2556
11410,2557
11412,2558
11414,2559
11416,2560
11417,2561
11419,2562
11551,2563
11663,2564
11664,2565
11665,2566
11666,2567
11667,2568
11668,2569
11669,2570
11670,2571
11671,2572
11672,2573
11673,2574
11674,2575
11675,2576
11676,2577
11694,2578
11696,2579
11698,2580
11700,2581
11716,2582
11718,2583
11720,2584
11722,2585
11724,2586
11726,2587
11728,2588
11730,2589
11732,2590
11736,2591
11738,2592
11749,2593
11756,2594
11757,2595
11758,2596
11789,2597
11790,2598
11809,2599
11949,2600
11950,2601
11951,2602
11969,2603
12169,2604
12170,2605
12171,2606
12202,2607
12204,2608
12206,2609
12207,2610
12209,2611
12210,2612
12212,2613
12213,2614
12215,2615
12216,2616
12218,2617
12219,2618
12221,2619
12222,2620
12224,2621
12524,2622
12534,2623
12558,2624
12559,2625
12561,2626
12563,2627
12565,2628
12568,2629
12570,2630
12578,2631
12579,2632
12580,2633
12595,2634
12607,2635
12608,2636
12610,2637
12612,2638
12614,2639
12616,2640
12618,2641
12620,2642
12622,2643
12629,2644
12633,2645
12634,2646
12645,2647
12649,2648
12655,2649
12658,2650
12659,2651
12660,2652
12661,2653
12662,2654
12663,2655
12664,2656
12665,2657
12666,2658
12667,2659
12668,2660
12669,2661
12670,2662
12671,2663
12672,2664
12673,2665
12674,2666
12675,2667
12676,2668
12677,2669
12678,2670
12679,2671
12680,2672
12681,2673
12844,2674
12845,2675
12846,2676
12847,2677
12848,2678
12849,2679
12855,2680
12856,2681
12857,2682
12858,2683
12859,2684
12860,2685
12861,2686
12862,2687
12863,2688
12864,2689
12865,2690
12866,2691
12867,2692
12868,2693
12869,2694
12870,2695
12871,2696
12873,2697
12874,2698
12875,2699
12876,2700
12877,2701
12878,2702
12880,2703
12881,2704
12882,2705
12883,2706
12884,2707
12885,2708
12887,2709
12888,2710
12889,2711
12890,2712
12891,2713
12892,2714
12894,2715
12895,2716
12896,2717
12897,2718
12898,2719
12899,2720
12901,2721
12902,2722
12903,2723
12904,2724
12905,2725
12906,2726
12908,2727
12909,2728
12910,2729
12911,2730
12912,2731
12913,2732
12915,2733
12916,2734
12917,2735
12918,2736
12919,2737
12920,2738
12922,2739
12923,2740
12924,2741
12925,2742
12926,2743
12927,2744
12929,2745
12930,2746
12931,2747
12932,2748
12933,2749
12934,2750
12936,2751
12937,2752
12938,2753
12939,2754
12940,2755
12941,2756
12943,2757
12944,2758
12945,2759
12946,2760
12947,2761
12948,2762
12950,2763
12951,2764
12952,2765
12953,2766
12954,2767
12955,2768
12957,2769
12958,2770
12959,2771
12960,2772
12961,2773
12962,2774
12964,2775
12965,2776
12966,2777
12967,2778
12968,2779
12969,2780
12971,2781
12972,2782
12973,2783
12974,2784
12975,2785
12976,2786
12978,2787
12979,2788
12980,2789
12981,2790
12982,2791
12983,2792
12985,2793
12986,2794
12988,2795
12989,2796
12991,2797
12992,2798
12994,2799
12995,2800
12997,2801
12998,2802
13000,2803
13001,2804
13003,2805
13004,2806
13006,2807
13007,2808
13081,2809
13095,2810
13097,2811
13099,2812
13101,2813
13103,2814
13105,2815
13107,2816
13109,2817
13111,2818
13113,2819
13115,2820
13117,2821
13118,2822
13119,2823
13120,2824
13121,2825
13122,2826
13123,2827
13124,2828
13125,2829
13126,2830
13127,2831
13128,2832
13129,2833
13130,2834
13131,2835
13132,2836
13133,2837
13134,2838
13135,2839
13136,2840
13137,2841
13138,2842
13139,2843
13140,2844
13141,2845
13142,2846
13143,2847
13144,2848
13145,2849
13146,2850
13155,2851
13156,2852
13163,2853
13164,2854
13165,2855
13166,2856
13167,2857
13168,2858
13169,2859
13170,2860
13171,2861
13172,2862
13173,2863
13174,2864
13175,2865
13176,2866
13177,2867
13178,2868
13179,2869
13180,2870
13181,2871
13182,2872
13183,2873
13184,2874
13185,2875
13186,2876
13187,2877
13188,2878
13189,2879
13190,2880
13191,2881
13192,2882
13193,2883
13194,2884
13230,2885
13231,2886
13237,2887
13239,2888
13240,2889
13241,2890
13263,2891
13277,2892
13289,2893
13290,2894
13297,2895
13298,2896
13299,2897
13306,2898
13316,2899
13317,2900
13318,2901
13319,2902
13320,2903
13324,2904
13325,2905
13326,2906
13339,2907
13340,2908
13341,2909
13342,2910
13343,2911
13344,2912
13345,2913
13346,2914
13347,2915
13348,2916
13349,2917
13350,2918
13351,2919
13352,2920
13353,2921
13354,2922
13355,2923
13357,2924
13358,2925
13360,2926
13362,2927
13364,2928
13366,2929
13368,2930
13370,2931
13372,2932
13374,2933
13376,2934
13377,2935
13378,2936
13396,2937
13397,2938
13398,2939
13399,2940
13400,2941
13403,2942
13404,2943
13405,2944
13406,2945
13407,2946
13408,2947
13409,2948
13410,2949
13411,2950
13412,2951
13413,2952
13414,2953
13415,2954
13416,2955
13417,2956
13418,2957
13419,2958
13420,2959
13421,2960
13422,2961
13423,2962
13424,2963
13425,2964
13430,2965
13431,2966
13441,2967
13442,2968
13443,2969
13444,2970
13445,2971
13449,2972
13450,2973
13451,2974
13452,2975
13453,2976
13454,2977
13455,2978
13456,2979
13457,2980
13458,2981
13459,2982
13460,2983
13461,2984
13462,2985
13465,2986
13466,2987
13467,2988
13468,2989
13469,2990
13470,2991
13471,2992
13472,2993
13473,2994
13474,2995
13475,2996
13476,2997
13477,2998
13478,2999
13479,3000
13480,3001
13481,3002
13482,3003
13483,3004
13484,3005
13485,3006
13486,3007
13487,3008
13488,3009
13489,3010
13490,3011
13491,3012
13492,3013
13493,3014
13494,3015
13495,3016
13496,3017
13497,3018
13498,3019
13499,3020
13500,3021
13501,3022
13502,3023
13503,3024
13504,3025
13505,3026
13506,3027
13507,3028
13508,3029
13509,3030
13510,3031
13511,3032
13512,3033
13513,3034
13514,3035
13515,3036
13516,3037
13517,3038
13518,3039
13519,3040
13520,3041
13521,3042
13522,3043
13523,3044
13524,3045
13525,3046
13526,3047
13527,3048
13528,3049
13529,3050
13530,3051
13531,3052
13532,3053
13533,3054
13534,3055
13535,3056
13536,3057
13537,3058
13538,3059
13539,3060
13540,3061
13541,3062
13542,3063
13543,3064
13544,3065
13545,3066
13546,3067
13547,3068
13548,3069
13549,3070
13550,3071
13551,3072
13552,3073
13553,3074
13554,3075
13555,3076
13556,3077
13557,3078
13558,3079
13559,3080
13567,3081
13579,3082
13594,3083
13595,3084
13596,3085
13597,3086
13612,3087
13613,3088
13614,3089
13615,3090
13616,3091
13617,3092
13618,3093
13619,3094
13620,3095
13621,3096
13622,3097
13623,3098
13624,3099
13625,3100
13626,3101
13627,3102
13628,3103
13629,3104
13630,3105
13631,3106
13632,3107
13633,3108
13634,3109
13635,3110
13636,3111
13637,3112
13638,3113
13639,3114
13640,3115
13641,3116
13642,3117
13643,3118
13644,3119
13645,3120
13646,3121
13647,3122
13648,3123
13655,3124
13656,3125
13657,3126
13658,3127
13660,3128
13661,3129
13663,3130
13664,3131
13665,3132
13666,3133
13667,3134
13668,3135
13669,3136
13670,3137
13671,3138
13672,3139
13673,3140
13674,3141
13675,3142
13676,3143
13677,3144
13678,3145
13679,3146
13680,3147
13681,3148
13682,3149
13683,3150
13684,3151
13685,3152
13686,3153
13687,3154
13688,3155
13689,3156
13690,3157
13691,3158
13692,3159
13693,3160
13694,3161
13695,3162
13696,3163
13697,3164
13698,3165
13699,3166
13700,3167
13701,3168
13702,3169
13703,3170
13704,3171
13705,3172
13706,3173
13709,3174
13710,3175
13711,3176
13712,3177
13713,3178
13714,3179
13715,3180
13716,3181
13717,3182
13718,3183
13719,3184
13720,3185
13721,3186
13733,3187
13734,3188
13736,3189
13738,3190
13740,3191
13742,3192
13744,3193
13763,3194
13764,3195
13765,3196
13766,3197
13767,3198
13768,3199
13769,3200
13770,3201
13771,3202
13772,3203
13773,3204
13774,3205
13775,3206
13776,3207
13777,3208
13778,3209
13779,3210
13780,3211
13781,3212
13782,3213
13783,3214
13784,3215
13785,3216
13786,3217
13787,3218
13788,3219
13789,3220
13790,3221
13791,3222
13792,3223
13793,3224
13794,3225
13795,3226
13796,3227
13797,3228
13798,3229
13799,3230
13800,3231
13801,3232
13802,3233
13803,3234
13804,3235
13805,3236
13806,3237
13807,3238
13808,3239
13809,3240
13810,3241
13811,3242
13812,3243
13813,3244
13814,3245
13815,3246
13816,3247
13817,3248
13818,3249
13819,3250
13820,3251
13821,3252
13822,3253
13823,3254
13824,3255
13825,3256
13826,3257
13827,3258
13828,3259
13829,3260
13830,3261
13831,3262
13832,3263
13833,3264
13834,3265
13835,3266
13836,3267
13837,3268
13838,3269
13839,3270
13845,3271
13846,3272
13847,3273
13848,3274
13849,3275
13850,3276
13851,3277
13852,3278
13853,3279
13854,3280
13855,3281
13856,3282
13857,3283
13858,3284
13860,3285
13861,3286
13863,3287
13864,3288
13866,3289
13867,3290
13869,3291
13870,3292
13872,3293
13873,3294
13875,3295
13876,3296
13878,3297
13879,3298
13880,3299
13881,3300
13882,3301
13883,3302
13884,3303
13886,3304
13887,3305
13889,3306
13890,3307
13892,3308
13893,3309
13895,3310
13896,3311
13898,3312
13899,3313
13901,3314
13902,3315
13904,3316
13905,3317
13907,3318
13908,3319
13910,3320
13911,3321
13913,3322
13914,3323
13916,3324
13917,3325
13919,3326
13920,3327
13922,3328
13923,3329
13925,3330
13926,3331
13928,3332
13929,3333
13931,3334
13932,3335
13934,3336
13935,3337
13937,3338
13938,3339
13940,3340
13941,3341
13943,3342
13944,3343
13946,3344
13947,3345
13949,3346
13950,3347
13952,3348
13953,3349
13954,3350
13955,3351
13956,3352
13957,3353
13958,3354
13960,3355
13961,3356
13963,3357
13964,3358
13966,3359
13967,3360
13969,3361
13970,3362
13972,3363
13973,3364
13975,3365
13976,3366
13978,3367
13979,3368
13981,3369
13982,3370
13984,3371
13985,3372
13987,3373
13988,3374
13990,3375
14057,3376
14058,3377
14059,3378
14060,3379
14063,3380
14064,3381
14076,3382
14077,3383
14078,3384
14079,3385
14080,3386
14081,3387
14086,3388
14087,3389
14088,3390
14094,3391
14095,3392
14096,3393
14097,3394
14099,3395
14100,3396
14101,3397
14102,3398
14103,3399
14104,3400
14105,3401
14107,3402
14108,3403
14109,3404
14110,3405
14111,3406
14112,3407
14113,3408
14114,3409
14115,3410
14116,3411
14117,3412
14118,3413
14119,3414
14120,3415
14121,3416
14122,3417
14124,3418
14126,3419
14128,3420
14130,3421
14132,3422
14134,3423
14136,3424
14138,3425
14140,3426
14142,3427
14144,3428
14146,3429
14148,3430
14150,3431
14152,3432
14154,3433
14156,3434
14158,3435
14160,3436
14192,3437
14194,3438
14196,3439
14198,3440
14200,3441
14287,3442
14289,3443
14291,3444
14293,3445
14295,3446
14297,3447
14299,3448
14301,3449
14303,3450
14305,3451
14307,3452
14309,3453
14311,3454
14313,3455
14315,3456
14317,3457
14319,3458
14321,3459
14323,3460
14325,3461
14327,3462
14329,3463
14331,3464
14333,3465
14335,3466
14337,3467
14339,3468
14341,3469
14343,3470
14345,3471
14347,3472
14349,3473
14351,3474
14353,3475
14355,3476
14357,3477
14359,3478
14361,3479
14363,3480
14365,3481
14367,3482
14369,3483
14371,3484
14373,3485
14375,3486
14377,3487
14379,3488
14381,3489
14383,3490
14385,3491
14387,3492
14389,3493
14390,3494
14391,3495
14393,3496
14395,3497
14397,3498
14399,3499
14401,3500
14403,3501
14405,3502
14407,3503
14409,3504
14411,3505
14413,3506
14415,3507
14417,3508
14419,3509
14460,3510
14469,3511
14470,3512
14478,3513
14479,3514
14481,3515
14482,3516
14483,3517
14484,3518
14486,3519
14489,3520
14490,3521
14492,3522
14494,3523
14497,3524
14499,3525
14501,3526
14505,3527
14535,3528
14571,3529
14572,3530
14573,3531
14577,3532
14578,3533
14579,3534
14590,3535
14591,3536
14592,3537
14593,3538
14594,3539
14595,3540
14596,3541
14599,3542
14600,3543
14601,3544
14602,3545
14603,3546
14604,3547
14605,3548
14628,3549
14631,3550
14632,3551
14636,3552
14637,3553
14641,3554
14642,3555
14645,3556
14662,3557
14663,3558
14679,3559
14681,3560
14684,3561
14686,3562
14694,3563
14695,3564
14712,3565
14713,3566
14725,3567
14728,3568
14729,3569
14730,3570
14731,3571
14732,3572
14733,3573
14734,3574
14736,3575
14737,3576
14742,3577
14743,3578
14745,3579
14747,3580
14749,3581
14751,3582
14753,3583
14755,3584
14757,3585
14759,3586
14761,3587
14763,3588
14765,3589
14767,3590
14769,3591
14771,3592
14773,3593
14775,3594
14777,3595
14779,3596
14781,3597
14783,3598
14785,3599
14787,3600
14789,3601
14791,3602
14796,3603
14823,3604
14824,3605
14825,3606
14826,3607
14835,3608
14936,3609
14937,3610
14938,3611
14939,3612
15005,3613
15006,3614
15007,3615
15008,3616
15021,3617
15022,3618
15023,3619
15024,3620
15025,3621
15026,3622
15027,3623
15028,3624
15029,3625
15030,3626
15031,3627
15032,3628
15033,3629
15034,3630
15035,3631
15036,3632
15037,3633
15038,3634
15039,3635
15040,3636
15041,3637
15042,3638
15043,3639
15044,3640
15046,3641
15048,3642
15050,3643
15052,3644
15054,3645
15061,3646
15063,3647
15064,3648
15065,3649
15067,3650
15069,3651
15071,3652
15073,3653
15126,3654
15214,3655
15215,3656
15241,3657
15253,3658
15255,3659
15256,3660
15257,3661
15259,3662
15261,3663
15276,3664
15277,3665
15281,3666
15298,3667
15336,3668
15337,3669
15338,3670
15339,3671
15345,3672
15347,3673
15349,3674
15352,3675
15353,3676
15373,3677
15374,3678
15393,3679
15394,3680
15395,3681
15396,3682
15397,3683
15403,3684
15417,3685
15418,3686
15422,3687
15423,3688
15424,3689
15425,3690
15426,3691
15427,3692
15432,3693
15433,3694
15434,3695
15435,3696
15438,3697
15439,3698
15440,3699
15441,3700
15442,3701
15443,3702
15444,3703
15445,3704
15446,3705
15447,3706
15448,3707
15449,3708
15450,3709
15451,3710
15452,3711
15453,3712
15454,3713
15455,3714
15456,3715
15457,3716
15458,3717
15459,3718
15460,3719
15461,3720
15462,3721
15463,3722
15464,3723
15477,3724
15484,3725
15485,3726
15486,3727
15488,3728
15490,3729
15492,3730
15496,3731
15497,3732
15502,3733
15503,3734
15505,3735
15507,3736
15509,3737
15511,3738
15582,3739
15590,3740
15596,3741
15597,3742
15598,3743
15599,3744
15600,3745
15602,3746
15604,3747
15606,3748
15608,3749
15610,3750
15612,3751
15614,3752
15616,3753
15618,3754
15620,3755
15622,3756
15673,3757
15701,3758
15702,3759
15703,3760
15704,3761
15706,3762
15753,3763
15755,3764
15757,3765
15759,3766
15761,3767
15763,3768
15765,3769
15767,3770
15769,3771
15771,3772
15773,3773
15775,3774
15776,3775
15777,3776
15778,3777
15779,3778
15780,3779
15781,3780
15782,3781
15783,3782
15784,3783
15785,3784
15786,3785
15787,3786
15788,3787
15789,3788
15790,3789
15791,3790
15792,3791
15793,3792
15794,3793
15795,3794
15796,3795
15797,3796
15798,3797
15799,3798
15800,3799
15801,3800
15802,3801
15803,3802
15804,3803
15805,3804
15806,3805
15807,3806
15808,3807
15809,3808
15810,3809
15811,3810
15812,3811
15813,3812
15814,3813
15815,3814
15816,3815
15817,3816
15818,3817
15819,3818
15820,3819
15821,3820
15822,3821
15823,3822
15824,3823
15825,3824
15826,3825
15827,3826
15828,3827
15829,3828
15830,3829
15831,3830
15832,3831
15833,3832
15834,3833
15835,3834
15836,3835
15837,3836
15838,3837
15839,3838
15840,3839
15841,3840
15842,3841
15843,3842
15844,3843
15845,3844
15846,3845
15847,3846
15848,3847
15849,3848
15850,3849
15851,3850
15852,3851
15853,3852
15854,3853
15855,3854
15856,3855
15857,3856
15858,3857
15859,3858
15860,3859
15861,3860
15862,3861
15863,3862
15864,3863
15865,3864
15866,3865
15867,3866
15868,3867
15869,3868
15870,3869
15871,3870
15872,3871
15873,3872
15874,3873
15875,3874
15876,3875
15877,3876
15878,3877
15879,3878
15880,3879
15881,3880
15882,3881
15883,3882
15884,3883
15885,3884
15886,3885
15887,3886
15888,3887
15889,3888
15890,3889
15891,3890
15892,3891
15893,3892
15894,3893
15895,3894
15896,3895
15897,3896
15898,3897
15899,3898
15900,3899
15901,3900
15902,3901
15903,3902
15904,3903
15905,3904
15906,3905
15907,3906
15908,3907
15909,3908
15910,3909
15911,3910
15912,3911
15913,3912
15914,3913
15915,3914
15916,3915
15917,3916
15918,3917
15919,3918
15920,3919
15921,3920
15922,3921
15923,3922
15924,3923
15925,3924
15926,3925
15927,3926
15928,3927
15929,3928
15930,3929
15931,3930
15932,3931
15933,3932
15934,3933
15935,3934
15936,3935
15937,3936
15938,3937
15939,3938
15940,3939
15941,3940
15942,3941
15943,3942
15944,3943
15945,3944
15946,3945
15991,3946
15992,3947
15993,3948
15994,3949
15995,3950
15996,3951
15997,3952
15998,3953
15999,3954
16000,3955
16001,3956
16002,3957
16003,3958
16004,3959
16005,3960
16006,3961
16007,3962
16008,3963
16009,3964
16010,3965
16011,3966
16012,3967
16013,3968
16014,3969
16015,3970
16016,3971
16017,3972
16018,3973
16019,3974
16020,3975
16021,3976
16022,3977
16023,3978
16024,3979
16025,3980
16026,3981
16027,3982
16028,3983
16029,3984
16030,3985
16031,3986
16032,3987
16033,3988
16034,3989
16035,3990
16036,3991
16037,3992
16038,3993
16039,3994
16040,3995
16041,3996
16042,3997
16043,3998
16044,3999
16045,4000
16046,4001
16047,4002
16048,4003
16049,4004
16050,4005
16051,4006
16052,4007
16053,4008
16054,4009
16055,4010
16056,4011
16057,4012
16058,4013
16059,4014
16060,4015
16061,4016
16062,4017
16063,4018
16064,4019
16065,4020
16066,4021
16067,4022
16068,4023
16069,4024
16070,4025
16071,4026
16072,4027
16073,4028
16074,4029
16075,4030
16076,4031
16077,4032
16078,4033
16079,4034
16080,4035
16081,4036
16082,4037
16083,4038
16084,4039
16085,4040
16086,4041
16087,4042
16088,4043
16089,4044
16090,4045
16105,4046
16106,4047
16107,4048
16108,4049
16109,4050
16110,4051
16111,4052
16112,4053
16113,4054
16114,4055
16115,4056
16116,4057
16117,4058
16118,4059
16119,4060
16120,4061
16121,4062
16122,4063
16123,4064
16124,4065
16125,4066
16126,4067
16127,4068
16128,4069
16129,4070
16130,4071
16131,4072
16132,4073
16133,4074
16134,4075
16135,4076
16136,4077
16137,4078
16138,4079
16139,4080
16140,4081
16141,4082
16142,4083
16143,4084
16144,4085
16145,4086
16146,4087
16147,4088
16148,4089
16149,4090
16150,4091
16151,4092
16152,4093
16153,4094
16154,4095
16155,4096
16156,4097
16157,4098
16158,4099
16159,4100
16160,4101
16161,4102
16162,4103
16163,4104
16164,4105
16165,4106
16166,4107
16167,4108
16168,4109
16169,4110
16170,4111
16171,4112
16172,4113
16173,4114
16174,4115
16175,4116
16176,4117
16177,4118
16178,4119
16179,4120
16180,4121
16181,4122
16182,4123
16183,4124
16184,4125
16185,4126
16186,4127
16187,4128
16188,4129
16189,4130
16190,4131
16191,4132
16192,4133
16193,4134
16194,4135
16195,4136
16196,4137
16197,4138
16198,4139
16199,4140
16200,4141
16201,4142
16202,4143
16203,4144
16204,4145
16205,4146
16206,4147
16207,4148
16208,4149
16209,4150
16210,4151
16211,4152
16212,4153
16213,4154
16214,4155
16215,4156
16216,4157
16217,4158
16218,4159
16219,4160
16220,4161
16221,4162
16222,4163
16223,4164
16224,4165
16225,4166
16226,4167
16227,4168
16228,4169
16229,4170
16230,4171
16231,4172
16232,4173
16233,4174
16234,4175
16235,4176
16236,4177
16237,4178
16238,4179
16239,4180
16240,4181
16241,4182
16242,4183
16243,4184
16244,4185
16245,4186
16246,4187
16247,4188
16248,4189
16249,4190
16250,4191
16251,4192
16252,4193
16253,4194
16254,4195
16255,4196
16256,4197
16257,4198
16258,4199
16259,4200
16260,4201
16261,4202
16262,4203
16263,4204
16264,4205
16265,4206
16266,4207
16267,4208
16268,4209
16269,4210
16270,4211
16271,4212
16272,4213
16273,4214
16275,4215
16277,4216
16279,4217
16281,4218
16283,4219
16285,4220
16287,4221
16289,4222
16291,4223
16293,4224
16295,4225
16297,4226
16299,4227
16301,4228
16303,4229
16305,4230
16307,4231
16309,4232
16311,4233
16313,4234
16315,4235
16317,4236
16319,4237
16321,4238
16323,4239
16325,4240
16327,4241
16329,4242
16331,4243
16333,4244
16335,4245
16337,4246
16339,4247
16341,4248
16343,4249
16345,4250
16347,4251
16349,4252
16351,4253
16353,4254
16355,4255
16357,4256
16359,4257
16361,4258
16363,4259
16365,4260
16367,4261
16369,4262
16371,4263
16373,4264
16375,4265
16377,4266
16379,4267
16381,4268
16383,4269
16385,4270
16387,4271
16389,4272
16391,4273
16393,4274
16395,4275
16397,4276
16399,4277
16401,4278
16403,4279
16405,4280
16407,4281
16409,4282
16411,4283
16413,4284
16415,4285
16417,4286
16419,4287
16421,4288
16423,4289
16425,4290
16647,4291
16649,4292
16651,4293
16653,4294
16655,4295
16657,4296
16659,4297
16661,4298
16663,4299
16665,4300
16667,4301
16669,4302
16671,4303
16673,4304
16675,4305
16677,4306
16679,4307
16681,4308
16683,4309
16685,4310
16687,4311
16689,4312
16691,4313
16693,4314
16695,4315
16697,4316
16699,4317
16701,4318
16703,4319
16705,4320
16707,4321
16709,4322
16711,4323
16713,4324
16715,4325
16717,4326
16719,4327
16721,4328
16723,4329
16725,4330
16727,4331
16729,4332
16731,4333
16733,4334
16735,4335
16737,4336
16739,4337
16741,4338
16743,4339
16745,4340
16747,4341
16749,4342
16751,4343
16753,4344
16755,4345
16757,4346
16759,4347
16761,4348
16763,4349
16765,4350
16767,4351
16769,4352
16771,4353
16773,4354
16775,4355
16777,4356
16779,4357
16781,4358
16783,4359
16785,4360
16787,4361
16789,4362
16791,4363
16793,4364
16795,4365
16797,4366
16799,4367
16801,4368
16803,4369
16805,4370
16807,4371
16809,4372
16811,4373
16813,4374
16815,4375
16817,4376
16819,4377
16821,4378
16823,4379
16825,4380
16827,4381
16829,4382
16831,4383
16833,4384
16835,4385
16837,4386
16839,4387
16841,4388
16843,4389
16845,4390
16847,4391
16849,4392
16851,4393
16853,4394
16855,4395
16857,4396
16859,4397
16861,4398
16863,4399
16865,4400
16867,4401
16869,4402
16871,4403
16873,4404
16875,4405
16877,4406
16879,4407
16881,4408
16883,4409
16885,4410
16887,4411
16889,4412
16891,4413
16893,4414
16895,4415
16897,4416
16899,4417
16901,4418
16903,4419
16905,4420
16907,4421
16909,4422
16911,4423
16913,4424
16915,4425
16917,4426
16919,4427
16921,4428
16923,4429
16925,4430
16927,4431
16929,4432
16931,4433
16933,4434
16935,4435
16937,4436
16939,4437
16941,4438
16943,4439
16945,4440
16947,4441
16949,4442
16951,4443
16953,4444
16955,4445
16957,4446
16959,4447
16961,4448
16963,4449
16965,4450
16967,4451
16969,4452
16971,4453
16973,4454
16975,4455
16977,4456
16979,4457
16981,4458
16983,4459
16985,4460
16987,4461
16989,4462
16991,4463
16993,4464
16995,4465
16997,4466
16999,4467
17001,4468
17003,4469
17005,4470
17007,4471
17009,4472
17011,4473
17013,4474
17015,4475
17017,4476
17019,4477
17021,4478
17023,4479
17025,4480
17027,4481
17029,4482
17031,4483
17033,4484
17035,4485
17037,4486
17039,4487
17041,4488
17043,4489
17045,4490
17047,4491
17049,4492
17051,4493
17053,4494
17055,4495
17057,4496
17059,4497
17061,4498
17063,4499
17065,4500
17067,4501
17069,4502
17071,4503
17073,4504
17075,4505
17077,4506
17079,4507
17081,4508
17083,4509
17085,4510
17087,4511
17089,4512
17091,4513
17093,4514
17095,4515
17097,4516
17099,4517
17101,4518
17103,4519
17105,4520
17107,4521
17109,4522
17111,4523
17113,4524
17115,4525
17117,4526
17119,4527
17121,4528
17123,4529
17125,4530
17127,4531
17129,4532
17131,4533
17133,4534
17135,4535
17137,4536
17139,4537
17141,4538
17143,4539
17145,4540
17147,4541
17149,4542
17151,4543
17153,4544
17155,4545
17157,4546
17159,4547
17161,4548
17163,4549
17165,4550
17167,4551
17169,4552
17171,4553
17173,4554
17175,4555
17177,4556
17179,4557
17181,4558
17183,4559
17185,4560
17187,4561
17189,4562
17191,4563
17193,4564
17195,4565
17197,4566
17199,4567
17201,4568
17203,4569
17205,4570
17207,4571
17209,4572
17211,4573
17213,4574
17215,4575
17217,4576
17219,4577
17221,4578
17223,4579
17225,4580
17227,4581
17229,4582
17231,4583
17233,4584
17235,4585
17237,4586
17239,4587
17241,4588
17243,4589
17245,4590
17247,4591
17249,4592
17251,4593
17253,4594
17255,4595
17257,4596
17259,4597
17261,4598
17263,4599
17265,4600
17267,4601
17269,4602
17271,4603
17273,4604
17275,4605
17277,4606
17279,4607
17281,4608
17283,4609
17285,4610
17287,4611
17289,4612
17291,4613
17293,4614
17295,4615
17297,4616
17299,4617
17301,4618
17303,4619
17305,4620
17307,4621
17309,4622
17311,4623
17313,4624
17315,4625
17317,4626
17319,4627
17321,4628
17323,4629
17325,4630
17327,4631
17329,4632
17331,4633
17333,4634
17335,4635
17337,4636
17339,4637
17341,4638
17343,4639
17345,4640
17347,4641
17349,4642
17351,4643
17353,4644
17355,4645
17357,4646
17359,4647
17361,4648
17377,4649
17415,4650
17444,4651
17446,4652
17468,4653
17470,4654
17472,4655
17474,4656
17476,4657
17478,4658
17480,4659
17482,4660
17484,4661
17486,4662
17490,4663
17678,4664
17682,4665
17684,4666
17686,4667
17688,4668
17690,4669
17692,4670
17694,4671
17696,4672
17698,4673
17700,4674
17702,4675
17704,4676
17706,4677
17708,4678
17710,4679
17712,4680
17714,4681
17716,4682
17718,4683
17720,4684
17722,4685
17724,4686
17726,4687
17728,4688
17730,4689
17732,4690
17734,4691
17736,4692
17738,4693
17740,4694
17754,4695
17794,4696
17883,4697
18199,4698
18331,4699
18332,4700
18333,4701
18334,4702
18335,4703
18340,4704
18341,4705
18342,4706
18346,4707
18347,4708
18349,4709
18350,4710
18351,4711
18352,4712
18353,4713
18354,4714
18355,4715
18356,4716
18357,4717
18358,4718
18359,4719
18360,4720
18361,4721
18362,4722
18363,4723
18364,4724
18365,4725
18366,4726
18367,4727
18368,4728
18369,4729
18370,4730
18371,4731
18372,4732
18373,4733
18374,4734
18508,4735
18509,4736
18510,4737
18580,4738
18581,4739
18582,4740
18583,4741
18584,4742
18585,4743
18643,4744
18644,4745
18650,4746
18667,4747
18673,4748
18681,4749
18682,4750
18690,4751
18691,4752
18693,4753
18695,4754
18697,4755
18699,4756
18704,4757
18705,4758
18706,4759
18707,4760
18708,4761
18709,4762
18739,4763
18740,4764
18741,4765
18742,4766
18743,4767
18744,4768
18745,4769
18746,4770
18747,4771
18776,4772
18777,4773
18778,4774
18779,4775
18780,4776
18781,4777
18782,4778
18784,4779
18785,4780
18786,4781
18788,4782
18840,4783
19143,4784
19145,4785
19146,4786
19148,4787
19149,4788
19151,4789
19167,4790
19169,4791
19171,4792
19173,4793
19175,4794
19177,4795
19179,4796
19181,4797
19182,4798
19184,4799
19185,4800
19187,4801
19188,4802
19190,4803
19192,4804
19194,4805
19196,4806
19198,4807
19200,4808
19202,4809
19203,4810
19205,4811
19206,4812
19208,4813
19209,4814
19211,4815
19213,4816
19215,4817
19217,4818
19219,4819
19221,4820
19223,4821
19224,4822
19226,4823
19227,4824
19229,4825
19230,4826
19232,4827
19234,4828
19236,4829
19238,4830
19240,4831
19242,4832
19244,4833
19245,4834
19247,4835
19248,4836
19250,4837
19251,4838
19253,4839
19255,4840
19257,4841
19259,4842
19261,4843
19263,4844
19265,4845
19266,4846
19268,4847
19269,4848
19271,4849
19272,4850
19274,4851
19275,4852
19277,4853
19278,4854
19280,4855
19281,4856
19283,4857
19284,4858
19286,4859
19287,4860
19289,4861
19290,4862
19292,4863
19293,4864
19295,4865
19296,4866
19298,4867
19299,4868
19301,4869
19302,4870
19304,4871
19305,4872
19307,4873
19308,4874
19310,4875
19311,4876
19313,4877
19314,4878
19316,4879
19317,4880
19319,4881
19320,4882
19322,4883
19323,4884
19325,4885
19327,4886
19329,4887
19331,4888
19335,4889
19336,4890
19337,4891
19338,4892
19339,4893
19340,4894
19341,4895
19342,4896
19343,4897
19344,4898
19345,4899
19362,4900
19364,4901
19366,4902
19368,4903
19370,4904
19372,4905
19374,4906
19376,4907
19378,4908
19380,4909
19382,4910
19384,4911
19386,4912
19388,4913
19390,4914
19392,4915
19394,4916
19396,4917
19398,4918
19400,4919
19401,4920
19403,4921
19404,4922
19406,4923
19407,4924
19409,4925
19410,4926
19412,4927
19413,4928
19415,4929
19416,4930
19418,4931
19419,4932
19421,4933
19422,4934
19424,4935
19425,4936
19427,4937
19428,4938
19430,4939
19431,4940
19433,4941
19434,4942
19436,4943
19437,4944
19439,4945
19440,4946
19442,4947
19443,4948
19445,4949
19447,4950
19449,4951
19451,4952
19453,4953
19455,4954
19457,4955
19459,4956
19461,4957
19463,4958
19465,4959
19612,4960
19613,4961
19614,4962
19615,4963
19616,4964
19617,4965
19618,4966
19619,4967
19620,4968
19624,4969
19625,4970
19635,4971
19640,4972
19641,4973
19649,4974
19668,4975
19671,4976
19706,4977
19707,4978
19708,4979
19709,4980
19710,4981
19712,4982
19713,4983
19714,4984
19715,4985
19716,4986
19717,4987
19718,4988
19719,4989
19720,4990
19721,4991
19722,4992
19723,4993
19724,4994
19725,4995
19726,4996
19727,4997
19728,4998
19729,4999
19730,5000
19731,5001
19732,5002
19733,5003
19734,5004
19735,5005
19747,5006
19748,5007
19749,5008
19753,5009
19754,5010
19757,5011
19763,5012
19766,5013
19776,5014
19780,5015
19781,5016
19782,5017
19783,5018
19784,5019
19785,5020
19786,5021
19787,5022
19788,5023
19789,5024
19790,5025
19799,5026
19801,5027
19808,5028
19830,5029
19833,5030
19834,5031
19865,5032
19866,5033
19867,5034
19868,5035
19886,5036
19887,5037
19888,5038
19889,5039
19892,5040
19893,5041
20023,5042
20043,5043
20044,5044
20045,5045
20046,5046
20048,5047
20049,5048
20050,5049
20064,5050
20065,5051
20066,5052
20067,5053
20068,5054
20070,5055
20072,5056
20077,5057
20084,5058
20091,5059
20095,5060
20110,5061
20113,5062
20115,5063
20116,5064
20117,5065
20118,5066
20119,5067
20125,5068
20127,5069
20129,5070
20131,5071
20133,5072
20135,5073
20137,5074
20138,5075
20139,5076
20141,5077
20142,5078
20143,5079
20145,5080
20146,5081
20147,5082
20149,5083
20150,5084
20151,5085
20153,5086
20154,5087
20155,5088
20157,5089
20158,5090
20159,5091
20161,5092
20162,5093
20163,5094
20165,5095
20166,5096
20167,5097
20169,5098
20170,5099
20171,5100
20173,5101
20174,5102
20177,5103
20178,5104
20182,5105
20272,5106
20276,5107
20278,5108
20282,5109
20284,5110
20288,5111
20290,5112
20294,5113
20296,5114
20300,5115
20302,5116
20306,5117
20308,5118
20312,5119
20314,5120
20318,5121
20320,5122
20324,5123
20326,5124
20330,5125
20332,5126
20336,5127
20338,5128
20342,5129
20344,5130
20348,5131
20350,5132
20354,5133
20356,5134
20360,5135
20362,5136
20366,5137
20368,5138
20372,5139
20374,5140
20378,5141
20380,5142
20384,5143
20386,5144
20390,5145
20392,5146
20396,5147
20398,5148
20402,5149
20404,5150
20408,5151
20410,5152
20414,5153
20416,5154
20420,5155
20422,5156
20426,5157
20427,5158
20430,5159
20433,5160
20434,5161
20436,5162
20438,5163
20440,5164
20442,5165
20444,5166
20446,5167
20448,5168
20450,5169
20452,5170
20454,5171
20456,5172
20458,5173
20460,5174
20462,5175
20464,5176
20466,5177
20533,5178
20534,5179
20535,5180
20536,5181
20537,5182
20538,5183
20539,5184
20540,5185
20541,5186
20542,5187
20543,5188
20544,5189
20545,5190
20546,5191
20547,5192
20548,5193
20549,5194
20550,5195
20551,5196
20552,5197
20553,5198
20554,5199
20555,5200
20556,5201
20557,5202
20671,5203
20673,5204
20686,5205
20708,5206
20709,5207
20714,5208
20716,5209
20718,5210
20725,5211
20727,5212
20728,5213
20729,5214
20733,5215
20735,5216
20736,5217
20737,5218
20738,5219
20739,5220
20740,5221
20741,5222
20742,5223
20743,5224
20744,5225
20745,5226
20746,5227
20747,5228
20748,5229
20749,5230
20750,5231
20751,5232
20752,5233
20753,5234
20754,5235
20755,5236
20756,5237
20757,5238
20758,5239
20759,5240
20760,5241
20761,5242
20762,5243
20763,5244
20764,5245
20765,5246
20766,5247
20767,5248
20768,5249
20769,5250
20770,5251
20771,5252
20772,5253
20773,5254
20774,5255
20775,5256
20776,5257
20777,5258
20778,5259
20779,5260
20780,5261
20781,5262
20782,5263
20783,5264
20784,5265
20785,5266
20786,5267
20787,5268
20788,5269
20789,5270
20790,5271
20791,5272
20792,5273
20793,5274
20794,5275
20795,5276
20796,5277
20797,5278
20798,5279
20799,5280
20800,5281
20801,5282
20802,5283
20803,5284
20804,5285
20805,5286
20806,5287
20807,5288
20808,5289
20809,5290
20810,5291
20811,5292
20812,5293
20813,5294
20814,5295
20815,5296
20816,5297
20817,5298
20818,5299
20819,5300
20820,5301
20821,5302
20822,5303
20823,5304
20824,5305
20825,5306
20826,5307
20833,5308
20849,5309
20857,5310
20859,5311
20872,5312
20873,5313
20874,5314
20875,5315
20876,5316
20877,5317
20878,5318
20883,5319
20891,5320
20892,5321
20929,5322
20931,5323
20932,5324
20934,5325
20937,5326
20949,5327
20950,5328
20951,5329
20952,5330
20953,5331
20954,5332
20955,5333
20956,5334
20957,5335
20958,5336
20959,5337
20961,5338
20962,5339
20963,5340
20964,5341
20965,5342
20966,5343
20967,5344
20968,5345
20969,5346
20970,5347
20971,5348
20972,5349
20973,5350
20974,5351
20975,5352
20976,5353
20977,5354
20978,5355
20979,5356
20980,5357
20981,5358
20982,5359
20983,5360
20984,5361
20985,5362
20986,5363
20987,5364
20988,5365
20989,5366
20990,5367
20991,5368
20992,5369
20993,5370
20994,5371
20995,5372
20996,5373
20997,5374
20998,5375
20999,5376
21000,5377
21001,5378
21002,5379
21003,5380
21004,5381
21005,5382
21006,5383
21007,5384
21008,5385
21009,5386
21010,5387
21011,5388
21012,5389
21013,5390
21014,5391
21015,5392
21016,5393
21017,5394
21018,5395
21019,5396
21020,5397
21021,5398
21022,5399
21023,5400
21024,5401
21025,5402
21026,5403
21027,5404
21028,5405
21029,5406
21030,5407
21031,5408
21032,5409
21033,5410
21034,5411
21035,5412
21036,5413
21037,5414
21038,5415
21039,5416
21040,5417
21041,5418
21042,5419
21043,5420
21044,5421
21045,5422
21046,5423
21047,5424
21048,5425
21049,5426
21050,5427
21051,5428
21052,5429
21053,5430
21054,5431
21055,5432
21056,5433
21057,5434
21058,5435
21059,5436
21060,5437
21061,5438
21062,5439
21063,5440
21064,5441
21065,5442
21066,5443
21067,5444
21068,5445
21069,5446
21070,5447
21071,5448
21072,5449
21073,5450
21074,5451
21075,5452
21076,5453
21077,5454
21078,5455
21079,5456
21080,5457
21081,5458
21082,5459
21083,5460
21084,5461
21085,5462
21086,5463
21087,5464
21088,5465
21089,5466
21090,5467
21091,5468
21092,5469
21093,5470
21094,5471
21095,5472
21096,5473
21097,5474
21098,5475
21099,5476
21100,5477
21101,5478
21102,5479
21103,5480
21104,5481
21105,5482
21106,5483
21107,5484
21108,5485
21109,5486
21110,5487
21111,5488
21112,5489
21113,5490
21114,5491
21115,5492
21116,5493
21117,5494
21118,5495
21119,5496
21120,5497
21121,5498
21122,5499
21123,5500
21124,5501
21125,5502
21126,5503
21127,5504
21128,5505
21129,5506
21130,5507
21131,5508
21132,5509
21133,5510
21134,5511
21135,5512
21136,5513
21137,5514
21138,5515
21139,5516
21140,5517
21141,5518
21142,5519
21143,5520
21144,5521
21145,5522
21146,5523
21147,5524
21148,5525
21149,5526
21150,5527
21151,5528
21152,5529
21153,5530
21154,5531
21155,5532
21156,5533
21157,5534
21158,5535
21159,5536
21160,5537
21161,5538
21162,5539
21163,5540
21164,5541
21165,5542
21166,5543
21167,5544
21168,5545
21169,5546
21170,5547
21171,5548
21172,5549
21173,5550
21174,5551
21175,5552
21176,5553
21177,5554
21178,5555
21179,5556
21180,5557
21181,5558
21182,5559
21183,5560
21184,5561
21185,5562
21186,5563
21187,5564
21188,5565
21189,5566
21190,5567
21191,5568
21192,5569
21193,5570
21194,5571
21195,5572
21196,5573
21197,5574
21198,5575
21199,5576
21200,5577
21201,5578
21202,5579
21203,5580
21204,5581
21205,5582
21206,5583
21207,5584
21208,5585
21209,5586
21210,5587
21211,5588
21212,5589
21213,5590
21214,5591
21215,5592
21216,5593
21217,5594
21218,5595
21219,5596
21220,5597
21221,5598
21222,5599
21223,5600
21224,5601
21225,5602
21226,5603
21227,5604
21228,5605
21229,5606
21230,5607
21231,5608
21232,5609
21233,5610
21234,5611
21235,5612
21236,5613
21237,5614
21238,5615
21239,5616
21240,5617
21241,5618
21242,5619
21243,5620
21244,5621
21245,5622
21246,5623
21247,5624
21248,5625
21249,5626
21250,5627
21251,5628
21252,5629
21253,5630
21254,5631
21255,5632
21256,5633
21257,5634
21258,5635
21259,5636
21260,5637
21261,5638
21262,5639
21263,5640
21264,5641
21265,5642
21322,5643
21323,5644
21324,5645
21325,5646
21326,5647
21327,5648
21328,5649
21329,5650
21330,5651
21331,5652
21334,5653
21335,5654
21340,5655
21341,5656
21342,5657
21347,5658
21349,5659
21351,5660
21352,5661
21353,5662
21364,5663
21365,5664
21371,5665
21372,5666
21373,5667
21374,5668
21375,5669
21389,5670
21390,5671
21391,5672
21393,5673
21394,5674
21395,5675
21396,5676
21397,5677
21398,5678
21399,5679
21400,5680
21401,5681
21404,5682
21405,5683
21406,5684
21407,5685
21408,5686
21417,5687
21418,5688
21419,5689
21420,5690
21421,5691
21422,5692
21423,5693
21424,5694
21425,5695
21426,5696
21427,5697
21434,5698
21435,5699